Quasi-Dynamic Simulation AC unbalanced,Terminal(4),Terminal(4),Terminal(4)
"Time","U0, Angle in deg","U2, Angle in deg","U1, Angle in deg"
00:00:00,-151.624947,7.215440,-149.992189
00:15:00,0.000000,29.453398,-149.993899
00:30:00,0.000000,-6.728471,-149.993891
00:45:00,0.000000,-20.077384,-150.004861
01:00:00,0.000000,90.708466,-150.010814
01:15:00,0.000000,-4.193680,-150.001061
01:30:00,0.000000,177.531619,-150.000640
01:45:00,0.000000,-74.742681,-150.006396
02:00:00,0.000000,8.578104,-149.996392
02:15:00,0.000000,-135.344138,-150.004347
02:30:00,0.000000,127.476009,-150.010997
02:45:00,0.000000,-34.638576,-149.996338
03:00:00,0.000000,135.983338,-150.007062
03:15:00,0.000000,-146.457362,-150.006276
03:30:00,0.000000,137.753597,-150.010003
03:45:00,0.000000,174.235042,-150.000119
04:00:00,0.000000,46.281135,-150.008855
04:15:00,0.000000,157.057056,-150.006053
04:30:00,0.000000,-4.832570,-149.991935
04:45:00,0.000000,-150.772840,-150.004498
05:00:00,0.000000,-22.854389,-150.005655
05:15:00,0.000000,-147.045457,-150.008291
05:30:00,0.000000,-113.177083,-150.003568
05:45:00,0.000000,-20.323556,-150.009285
06:00:00,0.000000,-174.614990,-150.009354
06:15:00,-167.085761,4.347574,-149.993710
06:30:00,0.000000,2.570688,-149.990765
06:45:00,-169.669105,21.209054,-149.887579
07:00:00,-164.302500,55.171007,-150.006890
07:15:00,144.364318,-69.876181,-150.004111
07:30:00,74.562405,-157.481776,-150.047680
07:45:00,155.283117,117.808199,-150.057562
08:00:00,136.793880,0.397990,-149.974770
08:15:00,35.314867,1.503978,-149.900198
08:30:00,-154.536326,-66.778767,-149.966495
08:45:00,-58.381816,-4.572830,-149.999243
09:00:00,0.000000,13.044496,-149.996676
09:15:00,-173.681451,101.398738,-150.011392
09:30:00,0.000000,-16.250641,-150.004493
09:45:00,0.000000,51.585678,-150.002044
10:00:00,0.000000,-17.364762,-150.004069
10:15:00,0.000000,170.621934,-150.008396
10:30:00,0.000000,36.252160,-150.008734
10:45:00,0.000000,-42.376918,-149.998637
11:00:00,0.000000,79.755063,-150.007000
11:15:00,0.000000,-0.305778,-150.000331
11:30:00,0.000000,-149.609990,-150.010108
11:45:00,0.000000,7.262111,-150.002039
12:00:00,0.000000,154.807971,-150.011934
12:15:00,0.000000,131.398294,-150.007432
12:30:00,0.000000,178.190439,-150.000518
12:45:00,0.000000,-148.263269,-150.013172
13:00:00,0.000000,134.679499,-150.010493
13:15:00,0.000000,-84.239711,-150.009779
13:30:00,0.000000,24.921368,-150.004293
13:45:00,-20.484939,-92.850271,-150.010796
14:00:00,13.708651,27.427596,-149.981821
14:15:00,0.000000,16.948080,-149.984502
14:30:00,-153.274152,71.462117,-150.010125
14:45:00,0.000000,68.709471,-150.001757
15:00:00,169.508699,72.284737,-150.024247
15:15:00,160.693351,-144.123673,-150.038434
15:30:00,32.521605,-88.203827,-150.006011
15:45:00,0.000000,-25.196576,-150.002371
16:00:00,0.000000,30.436106,-150.008110
16:15:00,0.000000,51.099452,-150.000049
16:30:00,0.000000,117.835173,-150.010765
16:45:00,0.000000,39.790903,-150.008820
17:00:00,-99.405918,-9.259715,-150.116813
17:15:00,-92.890086,88.526424,-149.995621
17:30:00,-93.385983,-11.495708,-150.111360
17:45:00,-93.439522,81.305994,-149.996509
18:00:00,-31.058849,-77.146708,-150.285063
18:15:00,-3.734574,52.089614,-150.260581
18:30:00,-99.262582,-72.431046,-150.249630
18:45:00,12.188476,51.090759,-150.233941
19:00:00,170.291222,-67.986090,-149.896507
19:15:00,-2.534482,167.004296,-149.883224
19:30:00,110.346705,-71.865490,-149.848470
19:45:00,113.866057,171.995009,-149.893913
20:00:00,75.727471,-7.368011,-149.789611
20:15:00,65.656969,-8.386856,-149.793534
20:30:00,0.000000,-11.852133,-149.799518
20:45:00,0.000000,-14.139338,-149.802615
21:00:00,117.566567,99.930875,-150.097410
21:15:00,-78.861723,-9.855265,-150.129102
21:30:00,-76.382983,107.808136,-150.122911
21:45:00,-69.904738,-10.418090,-150.128995
22:00:00,0.000000,-15.387111,-150.121961
22:15:00,77.628662,172.709659,-150.228422
22:30:00,0.000000,169.121266,-150.211300
22:45:00,15.356687,170.964062,-150.120613
23:00:00,-73.742901,44.958942,-150.218085
23:15:00,138.713038,-7.638256,-150.116923
23:30:00,-95.635321,6.178536,-149.985745
23:45:00,159.486317,158.403571,-150.017400
