Quasi-Dynamic Simulation AC unbalanced,Terminal(4),Terminal(4),Terminal(4)
"Time","U0, Angle in deg","U2, Angle in deg","U1, Angle in deg"
00:00:00,-151.624947,7.215440,-149.992189
00:15:00,0.000000,29.453398,-149.993899
00:30:00,17.105649,-126.734004,-150.100372
00:45:00,-16.231486,-11.511841,-150.110494
01:00:00,-99.002926,96.533003,-150.010814
01:15:00,0.000000,-4.187376,-150.001061
01:30:00,24.848339,-131.762396,-150.107005
01:45:00,-9.807299,-12.693798,-150.112208
02:00:00,-98.500744,167.693130,-149.889960
02:15:00,-98.438871,-173.921730,-150.004347
02:30:00,17.758746,52.183125,-149.934613
02:45:00,11.526025,-29.634855,-149.996338
03:00:00,-96.969686,-10.904941,-150.113269
03:15:00,0.000000,-12.145205,-150.113101
03:30:00,0.000000,-10.992754,-150.116511
03:45:00,0.000000,-11.560336,-150.106841
04:00:00,-100.090240,56.809491,-150.008854
04:15:00,20.598752,-131.966167,-150.114047
04:30:00,0.000000,-129.012885,-150.104332
04:45:00,0.000000,-131.512260,-150.122279
05:00:00,0.000000,-130.068865,-150.131120
05:15:00,0.000000,-131.556635,-150.137500
05:30:00,19.975068,9.414660,-150.003568
05:45:00,0.000000,-20.304007,-150.009285
06:00:00,0.000000,-174.614994,-150.009354
06:15:00,-167.085764,4.347574,-149.993710
06:30:00,0.000000,2.570688,-149.990765
06:45:00,-169.669105,21.209054,-149.887579
07:00:00,-164.302500,55.171007,-150.006890
07:15:00,144.364318,-69.876181,-150.004111
07:30:00,74.562405,-157.481776,-150.047680
07:45:00,155.283117,117.808199,-150.057562
08:00:00,136.793879,0.397990,-149.974770
08:15:00,35.314867,1.503978,-149.900198
08:30:00,-154.536326,-66.778767,-149.966495
08:45:00,-58.381816,-4.572830,-149.999243
09:00:00,0.000000,13.044496,-149.996676
09:15:00,-173.681453,101.398738,-150.011392
09:30:00,0.000000,-16.250641,-150.004493
09:45:00,0.000000,51.585678,-150.002044
10:00:00,0.000000,-17.364762,-150.004069
10:15:00,0.000000,170.621934,-150.008396
10:30:00,0.000000,36.252160,-150.008734
10:45:00,0.000000,-42.376918,-149.998637
11:00:00,0.000000,79.755063,-150.007000
11:15:00,0.000000,-0.305778,-150.000331
11:30:00,0.000000,-149.609990,-150.010108
11:45:00,0.000000,7.262111,-150.002039
12:00:00,0.000000,154.807971,-150.011934
12:15:00,0.000000,131.398294,-150.007432
12:30:00,0.000000,178.190439,-150.000518
12:45:00,0.000000,-148.263269,-150.013172
13:00:00,0.000000,134.679499,-150.010493
13:15:00,0.000000,-84.239711,-150.009779
13:30:00,0.000000,24.921368,-150.004293
13:45:00,-20.484939,-92.850271,-150.010796
14:00:00,13.708651,27.427596,-149.981821
14:15:00,0.000000,16.948080,-149.984502
14:30:00,-153.274151,71.462117,-150.010125
14:45:00,0.000000,68.709471,-150.001757
15:00:00,169.508699,72.284737,-150.024247
15:15:00,160.693351,-144.123673,-150.038434
15:30:00,32.521606,-88.203827,-150.006011
15:45:00,0.000000,-25.196576,-150.002371
16:00:00,0.000000,30.436106,-150.008110
16:15:00,0.000000,51.099452,-150.000049
16:30:00,0.000000,117.835173,-150.010765
16:45:00,0.000000,39.790903,-150.008820
17:00:00,0.000000,112.131353,-150.010801
17:15:00,0.000000,84.976344,-149.995620
17:30:00,0.000000,175.027828,-150.004034
17:45:00,0.000000,75.805517,-149.996508
18:00:00,62.439250,-152.165727,-150.032592
18:15:00,-107.621086,-6.840521,-150.136014
18:30:00,-73.713684,-132.534557,-150.121195
18:45:00,55.363956,-6.282403,-150.090785
19:00:00,123.803076,105.440023,-150.167507
19:15:00,0.000000,103.618785,-150.157119
19:30:00,176.691257,108.142506,-150.166599
19:45:00,0.000000,109.964271,-150.165972
20:00:00,110.778418,-5.362065,-149.798081
20:15:00,124.674503,51.275144,-149.902268
20:30:00,22.936467,-173.315467,-150.013369
20:45:00,-70.877959,-91.150453,-150.010761
21:00:00,113.479283,1.974410,-149.990197
21:15:00,-169.320982,143.861039,-150.018598
21:30:00,0.000000,100.465608,-150.016959
21:45:00,0.000000,149.862399,-150.018546
22:00:00,16.957717,-129.957013,-150.119879
22:15:00,0.000000,-129.660682,-150.121021
22:30:00,-30.002218,168.629899,-149.890652
22:45:00,-16.878199,171.406076,-149.797698
23:00:00,-162.707652,110.772435,-150.093124
23:15:00,127.279285,106.671339,-150.010109
23:30:00,166.714943,5.249057,-149.985744
23:45:00,158.624705,158.405609,-150.017400
