Quasi-Dynamic Simulation AC unbalanced,Terminal(4),Terminal(4),Terminal(4)
"Time","Reactive Power Balance (=0) in Mvar","Active Power Balance (=0) in MW","Unbalance Factor in %"
00:00:00,0.000019,0.000055,0.561681
00:15:00,0.000000,0.000000,0.580401
00:30:00,0.000017,0.000049,0.525667
00:45:00,0.000042,0.000123,0.597813
01:00:00,0.000028,0.000082,0.604185
01:15:00,0.000000,0.000000,0.561799
01:30:00,0.000017,0.000051,0.584140
01:45:00,0.000045,0.000132,0.589988
02:00:00,0.000016,0.000048,0.026383
02:15:00,0.000013,0.000039,0.508872
02:30:00,0.000016,0.000048,0.562190
02:45:00,0.000042,0.000121,0.024417
03:00:00,0.000016,0.000048,0.570845
03:15:00,0.000000,0.000000,0.572876
03:30:00,0.000000,0.000000,0.574364
03:45:00,0.000000,0.000000,0.551961
04:00:00,0.000025,0.000073,0.587064
04:15:00,0.000018,0.000053,0.593419
04:30:00,0.000000,0.000000,0.583229
04:45:00,0.000000,0.000001,0.647136
05:00:00,0.000000,0.000001,0.668659
05:15:00,0.000000,0.000000,0.711972
05:30:00,0.000000,0.000000,0.733516
05:45:00,0.000000,0.000001,0.764574
06:00:00,0.000164,0.000468,0.594690
06:15:00,0.000001,0.000003,0.548593
06:30:00,0.000063,0.000185,0.291790
06:45:00,0.000047,0.000135,0.395419
07:00:00,0.000113,0.000331,0.085576
07:15:00,0.000000,0.000001,0.051246
07:30:00,0.000001,0.000004,0.141478
07:45:00,0.000002,0.000006,0.246769
08:00:00,0.000044,0.000125,0.727672
08:15:00,0.000039,0.000113,0.452366
08:30:00,0.000007,0.000020,0.545271
08:45:00,0.000029,0.000084,0.619383
09:00:00,0.000029,0.000085,0.521748
09:15:00,0.000000,0.000000,0.566609
09:30:00,0.000000,0.000000,0.534833
09:45:00,0.000025,0.000071,0.554475
10:00:00,0.000015,0.000044,0.151285
10:15:00,0.000046,0.000137,0.900158
10:30:00,0.000043,0.000124,0.009616
10:45:00,0.000000,0.000000,0.024814
11:00:00,0.000000,0.000000,0.012430
11:15:00,0.000000,0.000000,0.038615
11:30:00,0.000000,0.000000,0.009278
11:45:00,0.000000,0.000000,0.018040
12:00:00,0.000000,0.000000,0.013226
12:15:00,0.000000,0.000000,0.006820
12:30:00,0.000000,0.000000,0.031149
12:45:00,0.000000,0.000000,0.037856
13:00:00,0.000000,0.000000,0.014081
13:15:00,0.000000,0.000000,0.007868
13:30:00,0.000000,0.000000,0.035470
13:45:00,0.000004,0.000010,0.107176
14:00:00,0.000001,0.000004,0.101871
14:15:00,0.000000,0.000000,0.144890
14:30:00,0.000001,0.000001,0.074111
14:45:00,0.000000,0.000000,0.039923
15:00:00,0.000001,0.000002,0.096165
15:15:00,0.000001,0.000004,0.133684
15:30:00,0.000001,0.000004,0.000591
15:45:00,0.000000,0.000000,0.013372
16:00:00,0.000000,0.000000,0.007212
16:15:00,0.000000,0.000000,0.003235
16:30:00,0.000000,0.000000,0.021787
16:45:00,0.000000,0.000000,0.017473
17:00:00,0.000000,0.000000,0.022625
17:15:00,0.000000,0.000000,0.039997
17:30:00,0.000016,0.000048,0.548698
17:45:00,0.000016,0.000046,0.028465
18:00:00,0.000108,0.000325,0.083758
18:15:00,0.000161,0.000469,0.292526
18:30:00,0.000019,0.000057,0.789991
18:45:00,0.000027,0.000079,0.437910
19:00:00,0.000099,0.000286,0.598302
19:15:00,0.000030,0.000087,0.557620
19:30:00,0.000030,0.000088,0.608414
19:45:00,0.000000,0.000000,0.613927
20:00:00,0.000028,0.000084,0.572966
20:15:00,0.000000,0.000001,0.548527
20:30:00,0.000017,0.000051,0.565876
20:45:00,0.000000,0.000000,0.624290
21:00:00,0.000018,0.000054,0.085880
21:15:00,0.000000,0.000001,0.033266
21:30:00,0.000000,0.000000,0.067153
21:45:00,0.000000,0.000000,0.026968
22:00:00,0.000013,0.000038,0.496784
22:15:00,0.000057,0.000165,0.555393
22:30:00,0.000014,0.000042,0.061810
22:45:00,0.000002,0.000007,0.027922
23:00:00,0.000053,0.000158,0.627967
23:15:00,0.000041,0.000118,0.461970
23:30:00,0.000081,0.000234,0.621149
23:45:00,0.000016,0.000047,0.533488
