Quasi-Dynamic Simulation AC unbalanced,Terminal(4),Terminal(4),Terminal(4)
"Time","Reactive Power Balance (=0) in Mvar","Active Power Balance (=0) in MW","Unbalance Factor in %"
00:00:00,0.000022,0.000064,0.651570
00:15:00,0.000020,0.000060,0.008948
00:30:00,0.000019,0.000055,0.628878
00:45:00,0.000019,0.000055,0.012747
01:00:00,0.000000,0.000000,0.027715
01:15:00,0.000000,0.000000,0.036738
01:30:00,0.000015,0.000044,0.568812
01:45:00,0.000026,0.000075,0.585104
02:00:00,0.000026,0.000078,0.582259
02:15:00,0.000027,0.000078,0.578884
02:30:00,0.000021,0.000062,0.080002
02:45:00,0.000000,0.000001,0.017718
03:00:00,0.000017,0.000049,0.574833
03:15:00,0.000000,0.000000,0.593483
03:30:00,0.000000,0.000000,0.579589
03:45:00,0.000017,0.000050,0.026362
04:00:00,0.000000,0.000000,0.017494
04:15:00,0.000000,0.000000,0.008353
04:30:00,0.000021,0.000061,0.638304
04:45:00,0.000021,0.000061,0.009474
05:00:00,0.000000,0.000000,0.015700
05:15:00,0.000000,0.000000,0.009470
05:30:00,0.000026,0.000078,0.727474
05:45:00,0.000044,0.000126,0.769722
06:00:00,0.000030,0.000088,0.011104
06:15:00,0.000000,0.000001,0.089291
06:30:00,0.000000,0.000000,0.119603
06:45:00,0.000022,0.000062,0.675367
07:00:00,0.000022,0.000063,0.085997
07:15:00,0.000018,0.000051,0.507814
07:30:00,0.000017,0.000049,0.143075
07:45:00,0.000026,0.000078,0.546796
08:00:00,0.000063,0.000181,0.784693
08:15:00,0.000077,0.000224,0.726882
08:30:00,0.000008,0.000023,0.591749
08:45:00,0.000015,0.000043,0.090043
09:00:00,0.000000,0.000000,0.081917
09:15:00,0.000000,0.000001,0.026159
09:30:00,0.000018,0.000052,0.599838
09:45:00,0.000018,0.000052,0.024836
10:00:00,0.000000,0.000000,0.025049
10:15:00,0.000000,0.000000,0.004571
10:30:00,0.000000,0.000000,0.011588
10:45:00,0.000000,0.000000,0.024810
11:00:00,0.000000,0.000000,0.012430
11:15:00,0.000000,0.000000,0.038615
11:30:00,0.000000,0.000000,0.009278
11:45:00,0.000000,0.000000,0.018040
12:00:00,0.000000,0.000000,0.013226
12:15:00,0.000000,0.000000,0.006820
12:30:00,0.000000,0.000000,0.031149
12:45:00,0.000000,0.000000,0.037856
13:00:00,0.000000,0.000000,0.014081
13:15:00,0.000000,0.000000,0.007868
13:30:00,0.000000,0.000000,0.035470
13:45:00,0.000004,0.000010,0.107176
14:00:00,0.000001,0.000004,0.101871
14:15:00,0.000000,0.000000,0.144890
14:30:00,0.000001,0.000001,0.074111
14:45:00,0.000000,0.000000,0.039923
15:00:00,0.000001,0.000002,0.096165
15:15:00,0.000001,0.000004,0.133684
15:30:00,0.000001,0.000004,0.000591
15:45:00,0.000000,0.000000,0.013372
16:00:00,0.000000,0.000000,0.007212
16:15:00,0.000000,0.000000,0.003235
16:30:00,0.000000,0.000000,0.021787
16:45:00,0.000000,0.000000,0.017473
17:00:00,0.000000,0.000000,0.022625
17:15:00,0.000000,0.000000,0.039997
17:30:00,0.000000,0.000000,0.032693
17:45:00,0.000000,0.000000,0.027207
18:00:00,0.000026,0.000077,0.719086
18:15:00,0.000034,0.000101,0.559196
18:30:00,0.000029,0.000083,0.616088
18:45:00,0.000050,0.000144,0.944429
19:00:00,0.000000,0.000001,0.867014
19:15:00,0.000000,0.000000,0.888438
19:30:00,0.000000,0.000001,0.886570
19:45:00,0.000000,0.000000,0.888873
20:00:00,0.000117,0.000337,0.536087
20:15:00,0.000043,0.000126,0.349778
20:30:00,0.000014,0.000039,0.759266
20:45:00,0.000081,0.000237,0.974970
21:00:00,0.000161,0.000482,0.574818
21:15:00,0.000023,0.000066,0.570903
21:30:00,0.000019,0.000055,0.069740
21:45:00,0.000000,0.000000,0.026969
22:00:00,0.000017,0.000051,0.605431
22:15:00,0.000016,0.000046,0.033849
22:30:00,0.000000,0.000000,0.061232
22:45:00,0.000002,0.000007,0.027899
23:00:00,0.000021,0.000062,0.611633
23:15:00,0.000027,0.000078,0.041236
23:30:00,0.000017,0.000048,0.591063
23:45:00,0.000016,0.000048,0.025141
