Quasi-Dynamic Simulation AC unbalanced,Terminal(4),Terminal(4),Terminal(4)
"Time","U0, Angle in deg","U2, Angle in deg","U1, Angle in deg"
00:00:00,144.587206,100.606155,-150.097925
00:15:00,0.000000,107.693260,-150.100037
00:30:00,17.617423,168.149709,-150.208034
00:45:00,78.710389,-11.725002,-150.110487
01:00:00,137.133153,107.882977,-150.116871
01:15:00,0.000000,105.236152,-150.106700
01:30:00,25.632581,168.749805,-150.214550
01:45:00,79.758363,-12.910289,-150.112201
02:00:00,-95.995301,13.257189,-149.996392
02:15:00,141.492057,109.147251,-150.098657
02:30:00,28.261318,167.005079,-150.213121
02:45:00,83.853867,-34.288531,-149.996339
03:00:00,-97.354496,-10.908245,-150.113268
03:15:00,0.000000,-12.145203,-150.113101
03:30:00,0.000000,-10.992754,-150.116511
03:45:00,0.000000,-11.560336,-150.106841
04:00:00,-141.136528,107.195122,-150.115150
04:15:00,22.686220,168.424425,-150.223258
04:30:00,0.000000,168.495067,-150.218048
04:45:00,97.997879,169.203126,-150.241510
05:00:00,0.000000,169.087354,-150.258233
05:15:00,0.000000,169.350126,-150.268459
05:30:00,0.000000,168.966542,-150.273989
05:45:00,0.000000,168.901894,-150.294567
06:00:00,103.627554,-71.556509,-149.901716
06:15:00,-170.807857,-61.865661,-149.896397
06:30:00,116.780515,164.907319,-150.143876
06:45:00,173.820708,99.598525,-150.151731
07:00:00,125.755250,50.487736,-150.006889
07:15:00,159.282086,-69.865205,-150.004111
07:30:00,74.544449,-157.481852,-150.047680
07:45:00,155.283548,117.808199,-150.057562
08:00:00,131.988679,-55.767793,-149.856303
08:15:00,74.601369,165.990278,-149.792425
08:30:00,-158.134359,171.337459,-149.861940
08:45:00,23.842761,-62.981389,-149.890981
09:00:00,-76.572356,165.456667,-149.885248
09:15:00,0.000000,166.679325,-149.906926
09:30:00,0.000000,169.375388,-149.899502
09:45:00,101.401687,-68.710781,-149.895625
10:00:00,128.380724,170.893587,-149.971096
10:15:00,149.442323,109.102544,-150.173820
10:30:00,138.924643,-7.026015,-150.008734
10:45:00,0.000000,-42.401021,-149.998637
11:00:00,0.000000,79.755043,-150.007000
11:15:00,0.000000,-0.305778,-150.000331
11:30:00,0.000000,-149.609989,-150.010108
11:45:00,0.000000,7.262111,-150.002039
12:00:00,0.000000,154.807971,-150.011934
12:15:00,0.000000,131.398294,-150.007432
12:30:00,0.000000,178.190439,-150.000518
12:45:00,0.000000,-148.263269,-150.013172
13:00:00,0.000000,134.679499,-150.010493
13:15:00,0.000000,-84.239711,-150.009779
13:30:00,0.000000,24.921368,-150.004293
13:45:00,-20.484939,-92.850271,-150.010796
14:00:00,13.708651,27.427596,-149.981821
14:15:00,0.000000,16.948080,-149.984502
14:30:00,-153.274151,71.462117,-150.010125
14:45:00,0.000000,68.709471,-150.001757
15:00:00,169.508699,72.284737,-150.024247
15:15:00,160.693351,-144.123673,-150.038434
15:30:00,32.521605,-88.203827,-150.006011
15:45:00,0.000000,-25.196576,-150.002371
16:00:00,0.000000,30.436106,-150.008110
16:15:00,0.000000,51.099452,-150.000049
16:30:00,0.000000,117.835173,-150.010765
16:45:00,0.000000,39.790903,-150.008820
17:00:00,0.000000,112.131353,-150.010801
17:15:00,0.000000,84.976344,-149.995620
17:30:00,-92.983223,-11.495974,-150.111360
17:45:00,-93.455120,81.308171,-149.996509
18:00:00,14.801006,-134.356817,-150.409819
18:15:00,127.093401,-74.648718,-149.960841
18:30:00,17.231857,-111.038325,-150.059235
18:45:00,-160.169562,-6.142143,-150.086292
19:00:00,-140.717133,-125.899098,-149.776990
19:15:00,-172.990405,103.425328,-149.776317
19:30:00,58.572038,-126.453357,-149.794144
19:45:00,0.000000,-127.705741,-149.781799
20:00:00,5.235574,-7.054992,-149.792494
20:15:00,0.000000,-9.430792,-149.796814
20:30:00,20.684334,-73.054276,-149.906303
20:45:00,-76.409418,-71.917503,-149.899237
21:00:00,146.544127,-0.289870,-149.990198
21:15:00,178.805432,143.835115,-150.018598
21:30:00,0.000000,100.465596,-150.016959
21:45:00,0.000000,149.862399,-150.018546
22:00:00,139.194686,111.966510,-150.112945
22:15:00,139.938325,-73.134859,-149.918198
22:30:00,143.302271,-15.982312,-149.996781
22:45:00,9.071934,-57.281839,-149.899588
23:00:00,-152.067457,45.079076,-150.218065
23:15:00,-118.044702,109.170998,-150.085985
23:30:00,103.774362,-8.872123,-149.799210
23:45:00,39.516969,-72.813250,-149.914055
