Quasi-Dynamic Simulation AC unbalanced,Terminal(4),Terminal(4),Terminal(4)
"Time","U0, Angle in deg","U2, Angle in deg","U1, Angle in deg"
00:00:00,-105.225787,-8.907372,-150.097925
00:15:00,-102.301338,50.492298,-149.993900
00:30:00,-99.745281,-10.811266,-150.100372
00:45:00,-102.339392,-18.043085,-150.004862
01:00:00,0.000000,90.705501,-150.010814
01:15:00,0.000000,-4.193685,-150.001061
01:30:00,-97.806127,-11.289019,-150.107006
01:45:00,-110.669102,-129.975389,-150.112209
02:00:00,112.748867,-10.326498,-150.098257
02:15:00,134.962236,-131.306807,-150.110097
02:30:00,17.128649,64.839568,-149.998281
02:45:00,-37.510415,-34.402625,-149.996338
03:00:00,25.310303,-131.663252,-150.113269
03:15:00,0.000000,-131.604099,-150.113101
03:30:00,0.000000,-131.885145,-150.116511
03:45:00,19.887848,170.027998,-150.000119
04:00:00,0.000000,46.290075,-150.008855
04:15:00,0.000000,157.057070,-150.006053
04:30:00,-101.858458,-10.910473,-150.104324
04:45:00,-102.629013,-171.095435,-150.004498
05:00:00,0.000000,-22.858527,-150.005655
05:15:00,0.000000,-147.045449,-150.008291
05:30:00,-99.427734,-11.390938,-150.137819
05:45:00,22.707179,-130.734420,-150.150849
06:00:00,18.590314,172.062307,-150.009354
06:15:00,-153.420490,4.353499,-149.993710
06:30:00,0.000000,2.570696,-149.990765
06:45:00,-169.669106,21.209054,-149.887579
07:00:00,-164.302500,55.171007,-150.006890
07:15:00,-113.248023,174.034826,-149.904978
07:30:00,-93.322887,-158.484507,-150.047678
07:45:00,-122.449336,9.188530,-150.181752
08:00:00,-6.840462,38.194842,-149.856312
08:15:00,-40.271916,-8.230753,-150.009204
08:30:00,-154.458714,-13.282576,-150.072174
08:45:00,-101.735354,-3.888669,-149.999244
09:00:00,0.000000,13.041159,-149.996676
09:15:00,-173.684668,101.398747,-150.011392
09:30:00,-97.725238,-11.387753,-150.110613
09:45:00,-96.570964,59.299848,-150.002045
10:00:00,0.000000,-17.360863,-150.004069
10:15:00,0.000000,170.621956,-150.008396
10:30:00,0.000000,36.252160,-150.008734
10:45:00,0.000000,-42.376918,-149.998637
11:00:00,0.000000,79.755063,-150.007000
11:15:00,0.000000,-0.305778,-150.000331
11:30:00,0.000000,-149.609990,-150.010108
11:45:00,0.000000,7.262111,-150.002039
12:00:00,0.000000,154.807971,-150.011934
12:15:00,0.000000,131.398294,-150.007432
12:30:00,0.000000,178.190439,-150.000518
12:45:00,0.000000,-148.263269,-150.013172
13:00:00,0.000000,134.679499,-150.010493
13:15:00,0.000000,-84.239711,-150.009779
13:30:00,0.000000,24.921368,-150.004293
13:45:00,-20.484939,-92.850271,-150.010796
14:00:00,13.708651,27.427596,-149.981821
14:15:00,0.000000,16.948080,-149.984502
14:30:00,-153.274151,71.462117,-150.010125
14:45:00,0.000000,68.709471,-150.001757
15:00:00,169.508699,72.284737,-150.024247
15:15:00,160.693351,-144.123673,-150.038434
15:30:00,32.521606,-88.203827,-150.006011
15:45:00,0.000000,-25.196576,-150.002371
16:00:00,0.000000,30.436106,-150.008110
16:15:00,0.000000,51.099452,-150.000049
16:30:00,0.000000,117.835173,-150.010765
16:45:00,0.000000,39.790903,-150.008820
17:00:00,0.000000,112.131353,-150.010801
17:15:00,0.000000,84.976344,-149.995620
17:30:00,0.000000,175.027828,-150.004034
17:45:00,0.000000,75.805517,-149.996508
18:00:00,26.537671,-134.346572,-150.145893
18:15:00,32.830425,-6.898405,-150.136007
18:30:00,-17.727184,-132.454203,-150.127286
18:45:00,157.178597,107.869968,-150.169942
19:00:00,0.000000,105.449281,-150.167530
19:15:00,0.000000,103.618398,-150.157120
19:30:00,103.452562,109.674648,-150.176984
19:45:00,0.000000,109.964681,-150.165972
20:00:00,136.202042,-72.065995,-149.911081
20:15:00,136.798996,110.717930,-150.070597
20:30:00,12.557668,74.792235,-149.982796
20:45:00,100.709409,17.359426,-149.693210
21:00:00,84.073509,98.993611,-150.102223
21:15:00,-81.991746,-9.851923,-150.129101
21:30:00,-95.068103,102.559128,-150.016958
21:45:00,0.000000,149.851300,-150.018546
22:00:00,16.954093,-129.957026,-150.119879
22:15:00,23.226839,-97.726104,-150.014760
22:30:00,0.000000,-13.412757,-149.996781
22:45:00,2.865801,-57.237546,-149.899588
23:00:00,151.467760,110.366893,-150.093133
23:15:00,129.092423,106.953041,-150.010109
23:30:00,33.841308,41.233956,-149.892015
23:45:00,36.989556,154.220996,-150.017400
