Quasi-Dynamic Simulation AC unbalanced,Terminal(4),Terminal(4),Terminal(4)
"Time","U0, Angle in deg","U2, Angle in deg","U1, Angle in deg"
00:00:00,144.587206,100.606155,-150.097925
00:15:00,0.000000,107.693260,-150.100037
00:30:00,17.617423,168.149709,-150.208034
00:45:00,78.710389,-11.725002,-150.110487
01:00:00,137.133153,107.882977,-150.116871
01:15:00,0.000000,105.236152,-150.106700
01:30:00,25.632581,168.749805,-150.214550
01:45:00,79.758363,-12.910289,-150.112201
02:00:00,-98.854731,167.626037,-149.895591
02:15:00,75.071856,-71.127817,-149.899070
02:30:00,-160.220614,-10.130660,-150.118016
02:45:00,71.305718,169.819957,-150.181875
03:00:00,76.700326,-11.141516,-150.113262
03:15:00,0.000000,-12.145388,-150.113101
03:30:00,0.000000,-10.992754,-150.116511
03:45:00,0.000000,-11.560336,-150.106841
04:00:00,-141.136528,107.195122,-150.115150
04:15:00,22.686220,168.424425,-150.223258
04:30:00,0.000000,168.495067,-150.218048
04:45:00,97.997881,169.203126,-150.241510
05:00:00,0.000000,169.087354,-150.258233
05:15:00,0.000000,169.350126,-150.268459
05:30:00,0.000000,168.966542,-150.273989
05:45:00,0.000000,168.901894,-150.294567
06:00:00,103.627554,-71.556509,-149.901716
06:15:00,58.880939,166.515016,-149.882569
06:30:00,-100.280221,20.327524,-149.978617
06:45:00,1.602134,120.167752,-149.724667
07:00:00,154.100474,160.927869,-149.896374
07:15:00,99.027257,-70.757511,-149.894653
07:30:00,44.614829,-81.831772,-149.911953
07:45:00,146.458525,118.799209,-150.057555
08:00:00,148.143481,0.410700,-149.974769
08:15:00,35.165443,1.504176,-149.900198
08:30:00,-154.536837,-66.778704,-149.966495
08:45:00,-58.381774,-4.572830,-149.999243
09:00:00,0.000000,13.044496,-149.996676
09:15:00,-173.681450,101.398738,-150.011392
09:30:00,0.000000,-16.250641,-150.004493
09:45:00,0.000000,51.585678,-150.002044
10:00:00,0.000000,-17.364762,-150.004069
10:15:00,0.000000,170.621934,-150.008396
10:30:00,0.000000,36.252160,-150.008734
10:45:00,0.000000,-42.376918,-149.998637
11:00:00,0.000000,79.755063,-150.007000
11:15:00,0.000000,-0.305778,-150.000331
11:30:00,0.000000,-149.609989,-150.010108
11:45:00,0.000000,7.262111,-150.002039
12:00:00,0.000000,154.807971,-150.011934
12:15:00,0.000000,131.398294,-150.007432
12:30:00,0.000000,178.190439,-150.000518
12:45:00,0.000000,-148.263269,-150.013172
13:00:00,0.000000,134.679499,-150.010493
13:15:00,0.000000,-84.239711,-150.009779
13:30:00,0.000000,24.921368,-150.004293
13:45:00,-20.484939,-92.850271,-150.010796
14:00:00,13.708651,27.427596,-149.981821
14:15:00,0.000000,16.948080,-149.984502
14:30:00,-153.274152,71.462117,-150.010125
14:45:00,0.000000,68.709471,-150.001757
15:00:00,169.508699,72.284737,-150.024247
15:15:00,160.693351,-144.123673,-150.038434
15:30:00,32.521606,-88.203827,-150.006011
15:45:00,0.000000,-25.196576,-150.002371
16:00:00,0.000000,30.436106,-150.008110
16:15:00,0.000000,51.099452,-150.000049
16:30:00,0.000000,117.835173,-150.010765
16:45:00,0.000000,39.790903,-150.008820
17:00:00,0.000000,112.131353,-150.010801
17:15:00,0.000000,84.976344,-149.995620
17:30:00,0.000000,175.027828,-150.004034
17:45:00,0.000000,75.805517,-149.996508
18:00:00,62.439250,-152.165727,-150.032592
18:15:00,4.408892,125.691330,-150.025174
18:30:00,0.000000,-157.992571,-150.018691
18:45:00,0.000000,89.164264,-150.004376
19:00:00,0.000000,-22.166655,-150.001972
19:15:00,0.000000,2.438246,-149.991663
19:30:00,103.110463,-111.258664,-150.011337
19:45:00,0.000000,-121.586534,-150.000476
20:00:00,11.553562,53.223801,-149.904033
20:15:00,-37.996343,51.597328,-149.902262
20:30:00,140.388070,-13.488527,-149.796811
20:45:00,-73.958522,-17.221352,-149.795537
21:00:00,81.089524,167.142225,-149.881223
21:15:00,75.807134,-9.771305,-149.795813
21:30:00,138.755956,-23.151148,-149.740353
21:45:00,19.202709,-71.726578,-149.855693
22:00:00,0.000000,-72.544906,-149.852617
22:15:00,76.471609,-110.190811,-150.061959
22:30:00,-148.050199,-11.647342,-150.095632
22:45:00,3.329895,-143.320946,-150.009465
23:00:00,-133.368267,31.040550,-150.260747
23:15:00,-148.904198,-70.646194,-149.847264
23:30:00,146.647615,2.094493,-149.985747
23:45:00,121.064400,158.368491,-150.017400
