Quasi-Dynamic Simulation AC unbalanced,Terminal(4),Terminal(4),Terminal(4)
"Time","U0, Angle in deg","U2, Angle in deg","U1, Angle in deg"
00:00:00,144.587206,100.606155,-150.097925
00:15:00,0.000000,107.693260,-150.100037
00:30:00,17.617423,168.149709,-150.208034
00:45:00,78.710389,-11.725002,-150.110487
01:00:00,137.133153,107.882977,-150.116871
01:15:00,0.000000,105.236152,-150.106700
01:30:00,25.632581,168.749805,-150.214550
01:45:00,79.758363,-12.910289,-150.112201
02:00:00,-95.995301,13.257189,-149.996392
02:15:00,141.052917,-72.903243,-149.988090
02:30:00,-108.360358,-9.646176,-150.118026
02:45:00,0.000000,-11.984302,-150.100575
03:00:00,0.000000,-11.022888,-150.113276
03:15:00,0.000000,-12.145395,-150.113101
03:30:00,0.000000,-10.992754,-150.116511
03:45:00,0.000000,-11.560336,-150.106841
04:00:00,-141.136528,107.195122,-150.115150
04:15:00,22.686220,168.424425,-150.223258
04:30:00,0.000000,168.495067,-150.218048
04:45:00,97.997881,169.203126,-150.241510
05:00:00,0.000000,169.087354,-150.258233
05:15:00,0.000000,169.350126,-150.268459
05:30:00,0.000000,168.966542,-150.273989
05:45:00,0.000000,168.901894,-150.294567
06:00:00,80.881824,-124.310762,-150.009353
06:15:00,-131.298178,4.337533,-149.993710
06:30:00,0.000000,2.570695,-149.990765
06:45:00,-169.155684,22.368379,-149.896662
07:00:00,-134.601171,161.335113,-149.896402
07:15:00,88.812288,-15.167029,-149.786401
07:30:00,-169.589809,-18.033338,-149.778060
07:45:00,117.075040,26.505495,-149.910731
08:00:00,-11.515904,163.886107,-149.856292
08:15:00,12.823782,165.826900,-149.792398
08:30:00,-29.941214,-63.237114,-149.966495
08:45:00,-51.441783,-4.571956,-149.999243
09:00:00,0.000000,13.044494,-149.996676
09:15:00,-173.681480,101.398738,-150.011392
09:30:00,0.000000,-16.250641,-150.004493
09:45:00,0.000000,51.585678,-150.002044
10:00:00,0.000000,-17.364762,-150.004069
10:15:00,0.000000,170.621934,-150.008396
10:30:00,0.000000,36.252160,-150.008734
10:45:00,0.000000,-42.376918,-149.998637
11:00:00,0.000000,79.755063,-150.007000
11:15:00,0.000000,-0.305778,-150.000331
11:30:00,0.000000,-149.609989,-150.010108
11:45:00,0.000000,7.262111,-150.002039
12:00:00,0.000000,154.807971,-150.011934
12:15:00,0.000000,131.398294,-150.007432
12:30:00,0.000000,178.190439,-150.000518
12:45:00,0.000000,-148.263269,-150.013172
13:00:00,0.000000,134.679499,-150.010493
13:15:00,0.000000,-84.239711,-150.009779
13:30:00,0.000000,24.921368,-150.004293
13:45:00,-20.484939,-92.850271,-150.010796
14:00:00,13.708651,27.427596,-149.981821
14:15:00,0.000000,16.948080,-149.984502
14:30:00,-153.274151,71.462117,-150.010125
14:45:00,0.000000,68.709471,-150.001757
15:00:00,169.508699,72.284737,-150.024247
15:15:00,160.693351,-144.123673,-150.038434
15:30:00,32.521606,-88.203826,-150.006011
15:45:00,0.000000,-25.196576,-150.002371
16:00:00,0.000000,30.436106,-150.008110
16:15:00,0.000000,51.099452,-150.000049
16:30:00,0.000000,117.835173,-150.010765
16:45:00,0.000000,39.790903,-150.008820
17:00:00,0.000000,112.131353,-150.010801
17:15:00,0.000000,84.976344,-149.995620
17:30:00,0.000000,175.027828,-150.004034
17:45:00,0.000000,75.805517,-149.996508
18:00:00,62.439250,-152.165727,-150.032592
18:15:00,4.408892,125.691330,-150.025174
18:30:00,0.000000,-157.992571,-150.018691
18:45:00,0.000000,89.164264,-150.004376
19:00:00,0.000000,-22.166655,-150.001972
19:15:00,0.000000,2.438246,-149.991663
19:30:00,103.110462,-111.258664,-150.011337
19:45:00,0.000000,-121.586534,-150.000476
20:00:00,11.553562,53.223801,-149.904033
20:15:00,-37.996343,51.597328,-149.902262
20:30:00,159.073082,-73.312252,-149.903128
20:45:00,-83.687013,-71.915393,-149.898989
21:00:00,126.573304,-65.497550,-149.827484
21:15:00,-170.154107,-72.087724,-149.855724
21:30:00,84.265484,-100.925095,-150.006392
21:45:00,84.956891,-71.845158,-149.855694
22:00:00,-178.174591,-16.246569,-150.121931
22:15:00,16.740008,-72.798191,-150.247211
22:30:00,-138.913252,-113.860129,-150.101647
22:45:00,82.318597,-110.763198,-149.954573
23:00:00,-175.890248,110.559534,-150.093124
23:15:00,128.183713,106.817114,-150.010109
23:30:00,166.308115,5.249044,-149.985744
23:45:00,158.622857,158.405607,-150.017400
