Quasi-Dynamic Simulation AC unbalanced,Terminal(4),Terminal(4),Terminal(4)
"Time","U0, Angle in deg","U2, Angle in deg","U1, Angle in deg"
00:00:00,-151.624947,7.215440,-149.992189
00:15:00,0.000000,29.453398,-149.993899
00:30:00,17.105649,-126.734004,-150.100372
00:45:00,-16.231486,-11.511841,-150.110494
01:00:00,-99.002926,96.533003,-150.010814
01:15:00,0.000000,-4.187376,-150.001061
01:30:00,24.848339,-131.762396,-150.107005
01:45:00,-9.807299,-12.693798,-150.112208
02:00:00,-95.230823,13.220675,-149.996393
02:15:00,0.000000,-135.289949,-150.004347
02:30:00,0.000000,127.476005,-150.010997
02:45:00,0.000000,-83.165975,-149.993745
03:00:00,-97.730880,-10.903890,-150.113269
03:15:00,0.000000,-12.145201,-150.113101
03:30:00,0.000000,-10.992754,-150.116511
03:45:00,0.000000,-11.560336,-150.106841
04:00:00,-100.090240,56.809491,-150.008854
04:15:00,20.598752,-131.966167,-150.114047
04:30:00,0.000000,-129.012885,-150.104332
04:45:00,14.513578,-158.798868,-150.004498
05:00:00,0.000000,-22.851512,-150.005655
05:15:00,0.000000,-147.045465,-150.008291
05:30:00,0.000000,-113.177084,-150.003568
05:45:00,0.000000,-20.323556,-150.009285
06:00:00,0.000000,-174.614990,-150.009354
06:15:00,-167.085761,4.347574,-149.993710
06:30:00,0.000000,2.570688,-149.990765
06:45:00,-169.669105,21.209054,-149.887579
07:00:00,-164.302500,55.171007,-150.006890
07:15:00,144.364318,-69.876181,-150.004111
07:30:00,74.562405,-157.481776,-150.047680
07:45:00,155.283117,117.808199,-150.057562
08:00:00,136.793879,0.397990,-149.974770
08:15:00,35.314867,1.503978,-149.900198
08:30:00,-154.536326,-66.778767,-149.966495
08:45:00,-58.381816,-4.572830,-149.999243
09:00:00,0.000000,13.044496,-149.996676
09:15:00,-173.681451,101.398738,-150.011392
09:30:00,0.000000,-16.250641,-150.004493
09:45:00,0.000000,51.585678,-150.002044
10:00:00,0.000000,-17.364762,-150.004069
10:15:00,0.000000,170.621934,-150.008396
10:30:00,0.000000,36.252160,-150.008734
10:45:00,0.000000,-42.376918,-149.998637
11:00:00,0.000000,79.755063,-150.007000
11:15:00,0.000000,-0.305778,-150.000331
11:30:00,0.000000,-149.609990,-150.010108
11:45:00,0.000000,7.262111,-150.002039
12:00:00,0.000000,154.807971,-150.011934
12:15:00,0.000000,131.398294,-150.007432
12:30:00,0.000000,178.190439,-150.000518
12:45:00,0.000000,-148.263269,-150.013172
13:00:00,0.000000,134.679499,-150.010493
13:15:00,0.000000,-84.239711,-150.009779
13:30:00,0.000000,24.921368,-150.004293
13:45:00,-20.484939,-92.850271,-150.010796
14:00:00,13.708651,27.427596,-149.981821
14:15:00,0.000000,16.948080,-149.984502
14:30:00,-153.274151,71.462117,-150.010125
14:45:00,0.000000,68.709471,-150.001757
15:00:00,169.508699,72.284737,-150.024247
15:15:00,160.693351,-144.123673,-150.038434
15:30:00,32.521606,-88.203827,-150.006011
15:45:00,18.646287,-129.906630,-150.109635
16:00:00,10.808649,-10.793035,-150.113496
16:15:00,-26.363183,-131.319265,-150.106663
16:30:00,-56.762641,-9.554654,-150.117001
16:45:00,-100.268464,50.225625,-150.008820
17:00:00,-100.152195,-9.260456,-150.116813
17:15:00,-92.861983,88.524508,-149.995621
17:30:00,-93.385046,-11.495704,-150.111360
17:45:00,-93.439555,81.305996,-149.996509
18:00:00,51.638358,-152.170019,-150.032592
18:15:00,14.044790,68.447608,-149.996050
18:30:00,-81.775740,-12.496600,-150.127287
18:45:00,97.340657,141.609010,-150.268300
19:00:00,39.445573,94.667709,-150.105951
19:15:00,91.288360,103.595454,-150.157117
19:30:00,102.699679,109.674525,-150.176984
19:45:00,0.000000,109.964681,-150.165972
20:00:00,110.777604,-5.362059,-149.798081
20:15:00,130.935731,70.687240,-149.958782
20:30:00,141.659661,-12.640076,-149.799551
20:45:00,97.929323,110.513405,-150.062959
21:00:00,141.161670,103.260518,-150.155646
21:15:00,110.509999,-10.212674,-150.129094
21:30:00,-94.107184,102.566240,-150.016958
21:45:00,0.000000,149.851417,-150.018546
22:00:00,0.000000,-112.582054,-150.015459
22:15:00,0.000000,-101.628807,-150.014761
22:30:00,0.000000,-13.411402,-149.996781
22:45:00,2.864154,-57.237619,-149.899588
23:00:00,151.467764,110.366893,-150.093133
23:15:00,129.092423,106.953041,-150.010109
23:30:00,166.480021,5.249057,-149.985744
23:45:00,158.621684,158.405605,-150.017400
