Quasi-Dynamic Simulation AC unbalanced,Terminal(4),Terminal(4),Terminal(4)
"Time","Reactive Power Balance (=0) in Mvar","Active Power Balance (=0) in MW","Unbalance Factor in %"
00:00:00,0.000000,0.000001,0.081885
00:15:00,0.000000,0.000000,0.010442
00:30:00,0.000016,0.000049,0.549186
00:45:00,0.000024,0.000071,0.591371
01:00:00,0.000019,0.000054,0.029707
01:15:00,0.000000,0.000000,0.036734
01:30:00,0.000017,0.000050,0.581030
01:45:00,0.000026,0.000077,0.583289
02:00:00,0.000070,0.000203,0.553048
02:15:00,0.000017,0.000049,0.005082
02:30:00,0.000009,0.000025,0.414888
02:45:00,0.000009,0.000025,0.018281
03:00:00,0.000016,0.000047,0.570791
03:15:00,0.000000,0.000000,0.572877
03:30:00,0.000000,0.000000,0.574364
03:45:00,0.000000,0.000000,0.551961
04:00:00,0.000017,0.000049,0.016989
04:15:00,0.000018,0.000052,0.587377
04:30:00,0.000000,0.000000,0.595542
04:45:00,0.000000,0.000000,0.648447
05:00:00,0.000000,0.000000,0.679498
05:15:00,0.000000,0.000000,0.714430
05:30:00,0.000027,0.000080,0.003692
05:45:00,0.000000,0.000000,0.008772
06:00:00,0.000000,0.000000,0.015977
06:15:00,0.000000,0.000001,0.089285
06:30:00,0.000000,0.000000,0.119603
06:45:00,0.000022,0.000062,0.675367
07:00:00,0.000022,0.000063,0.085997
07:15:00,0.000000,0.000001,0.051278
07:30:00,0.000001,0.000004,0.141478
07:45:00,0.000002,0.000006,0.246769
08:00:00,0.000005,0.000014,0.202081
08:15:00,0.000005,0.000016,0.128820
08:30:00,0.000008,0.000023,0.025056
08:45:00,0.000000,0.000001,0.092624
09:00:00,0.000000,0.000000,0.081912
09:15:00,0.000000,0.000001,0.026159
09:30:00,0.000000,0.000000,0.025069
09:45:00,0.000000,0.000000,0.024923
10:00:00,0.000000,0.000000,0.025049
10:15:00,0.000000,0.000000,0.004571
10:30:00,0.000000,0.000000,0.011588
10:45:00,0.000000,0.000000,0.024810
11:00:00,0.000000,0.000000,0.012430
11:15:00,0.000000,0.000000,0.038615
11:30:00,0.000000,0.000000,0.009278
11:45:00,0.000000,0.000000,0.018040
12:00:00,0.000000,0.000000,0.013226
12:15:00,0.000000,0.000000,0.006820
12:30:00,0.000000,0.000000,0.031149
12:45:00,0.000000,0.000000,0.037856
13:00:00,0.000000,0.000000,0.014081
13:15:00,0.000000,0.000000,0.007868
13:30:00,0.000000,0.000000,0.035470
13:45:00,0.000004,0.000010,0.107176
14:00:00,0.000001,0.000004,0.101871
14:15:00,0.000000,0.000000,0.144890
14:30:00,0.000001,0.000001,0.074111
14:45:00,0.000000,0.000000,0.039923
15:00:00,0.000001,0.000002,0.096165
15:15:00,0.000001,0.000004,0.133684
15:30:00,0.000001,0.000004,0.000591
15:45:00,0.000000,0.000000,0.013372
16:00:00,0.000000,0.000000,0.007212
16:15:00,0.000000,0.000000,0.003235
16:30:00,0.000000,0.000000,0.021787
16:45:00,0.000000,0.000000,0.017473
17:00:00,0.000000,0.000000,0.022625
17:15:00,0.000000,0.000000,0.039997
17:30:00,0.000000,0.000000,0.032693
17:45:00,0.000000,0.000000,0.027207
18:00:00,0.000001,0.000002,0.110100
18:15:00,0.000018,0.000054,0.554998
18:30:00,0.000027,0.000078,0.582786
18:45:00,0.000023,0.000068,0.464973
19:00:00,0.000036,0.000108,0.862035
19:15:00,0.000000,0.000000,0.888435
19:30:00,0.000000,0.000001,0.871495
19:45:00,0.000000,0.000000,0.888869
20:00:00,0.000166,0.000481,0.577528
20:15:00,0.000019,0.000057,0.569476
20:30:00,0.000018,0.000052,0.021851
20:45:00,0.000000,0.000000,0.032679
21:00:00,0.000000,0.000001,0.086339
21:15:00,0.000000,0.000001,0.033275
21:30:00,0.000000,0.000000,0.067153
21:45:00,0.000000,0.000000,0.026968
22:00:00,0.000017,0.000051,0.605432
22:15:00,0.000000,0.000000,0.610907
22:30:00,0.000045,0.000133,0.506140
22:45:00,0.000003,0.000008,0.529277
23:00:00,0.000045,0.000132,0.613839
23:15:00,0.000026,0.000077,0.041244
23:30:00,0.000000,0.000001,0.115577
23:45:00,0.000001,0.000002,0.027577
