Quasi-Dynamic Simulation AC unbalanced,Terminal(4),Terminal(4),Terminal(4)
"Time","U0, Angle in deg","U2, Angle in deg","U1, Angle in deg"
00:00:00,26.547346,45.726883,-149.829507
00:15:00,-169.359815,49.028553,-149.831255
00:30:00,0.000000,46.537509,-149.831242
00:45:00,0.000000,48.258868,-149.842134
01:00:00,0.000000,50.441829,-149.848068
01:15:00,0.000000,47.360150,-149.838371
01:30:00,0.000000,49.628938,-149.837991
01:45:00,0.000000,48.361580,-149.843707
02:00:00,21.571081,-129.489432,-150.161674
02:15:00,-175.861171,-131.433187,-150.169749
02:30:00,0.000000,-132.884149,-150.176492
02:45:00,0.000000,-130.275319,-150.161702
03:00:00,0.000000,-131.733436,-150.172493
03:15:00,0.000000,-131.614000,-150.171728
03:30:00,17.373867,49.025027,-149.847393
03:45:00,18.094883,-134.385913,-150.063066
04:00:00,21.147944,48.880586,-149.846180
04:15:00,0.000000,49.767544,-149.843376
04:30:00,0.000000,47.738868,-149.829332
04:45:00,0.000000,49.396650,-149.841813
05:00:00,22.034082,-129.750144,-150.170986
05:15:00,0.000000,-131.583177,-150.173754
05:30:00,19.555343,19.981085,-150.003568
05:45:00,0.000000,-20.278477,-150.009285
06:00:00,0.000000,-174.614997,-150.009354
06:15:00,-167.085765,4.347574,-149.993710
06:30:00,0.000000,2.570688,-149.990765
06:45:00,-169.669105,21.209054,-149.887579
07:00:00,-164.302500,55.171007,-150.006890
07:15:00,144.364318,-69.876181,-150.004111
07:30:00,74.562405,-157.481776,-150.047680
07:45:00,155.283117,117.808199,-150.057562
08:00:00,136.793880,0.397990,-149.974770
08:15:00,35.314867,1.503978,-149.900198
08:30:00,-154.536326,-66.778767,-149.966495
08:45:00,-58.381817,-4.572830,-149.999243
09:00:00,0.000000,13.044496,-149.996676
09:15:00,-173.681451,101.398738,-150.011392
09:30:00,0.000000,-16.250641,-150.004493
09:45:00,0.000000,51.585678,-150.002044
10:00:00,0.000000,-17.364762,-150.004069
10:15:00,0.000000,170.621934,-150.008396
10:30:00,0.000000,36.252160,-150.008734
10:45:00,0.000000,-42.376918,-149.998637
11:00:00,0.000000,79.755063,-150.007000
11:15:00,0.000000,-0.305778,-150.000331
11:30:00,0.000000,-149.609990,-150.010108
11:45:00,0.000000,7.262111,-150.002039
12:00:00,0.000000,154.807971,-150.011934
12:15:00,0.000000,131.398294,-150.007432
12:30:00,0.000000,178.190439,-150.000518
12:45:00,0.000000,-148.263269,-150.013172
13:00:00,0.000000,134.679499,-150.010493
13:15:00,0.000000,-84.239711,-150.009779
13:30:00,0.000000,24.921368,-150.004293
13:45:00,-20.484938,-92.850271,-150.010796
14:00:00,13.708651,27.427596,-149.981821
14:15:00,0.000000,16.948080,-149.984502
14:30:00,-153.274151,71.462117,-150.010125
14:45:00,0.000000,68.709471,-150.001757
15:00:00,169.508699,72.284737,-150.024247
15:15:00,160.693351,-144.123673,-150.038434
15:30:00,32.521606,-88.203827,-150.006011
15:45:00,0.000000,-25.196576,-150.002371
16:00:00,0.000000,30.436106,-150.008110
16:15:00,0.000000,51.099452,-150.000049
16:30:00,0.000000,117.835173,-150.010765
16:45:00,0.000000,39.790903,-150.008820
17:00:00,0.000000,112.131353,-150.010801
17:15:00,0.000000,84.976344,-149.995620
17:30:00,0.000000,175.027828,-150.004034
17:45:00,0.000000,75.805517,-149.996508
18:00:00,62.439250,-152.165727,-150.032592
18:15:00,17.422306,52.976844,-149.862209
18:30:00,19.726551,-131.612037,-150.174023
18:45:00,78.505646,-89.114513,-149.945774
19:00:00,82.304779,-159.116150,-150.507600
19:15:00,0.000000,-159.792232,-150.496974
19:30:00,96.879227,-159.925163,-150.517262
19:45:00,0.000000,-160.034317,-150.505922
20:00:00,-88.031826,-162.513976,-150.522592
20:15:00,79.199573,-131.810270,-150.174300
20:30:00,0.000000,-132.411015,-150.178929
20:45:00,0.000000,-130.122086,-150.176406
21:00:00,23.737012,4.394905,-149.990200
21:15:00,9.440830,51.357644,-149.855744
21:30:00,21.049902,94.894496,-150.016957
21:45:00,19.255516,-132.935346,-150.184136
22:00:00,23.579188,-104.484453,-150.015458
22:15:00,22.163645,47.871070,-149.851858
22:30:00,15.978996,-8.894478,-149.996782
22:45:00,10.047740,-129.526307,-150.064661
23:00:00,-4.590561,73.531607,-149.928336
23:15:00,134.827985,51.514378,-149.847277
23:30:00,18.471696,-125.039947,-150.151013
23:45:00,156.010845,-133.050142,-150.182995
