Quasi-Dynamic Simulation AC unbalanced,Terminal(4),Terminal(4),Terminal(4)
"Time","U0, Angle in deg","U2, Angle in deg","U1, Angle in deg"
00:00:00,81.591662,-9.711565,-149.669501
00:15:00,110.968990,-10.472340,-149.671217
00:30:00,0.000000,-10.657138,-149.671198
00:45:00,0.000000,-11.069950,-149.682014
01:00:00,0.000000,-9.183184,-149.687931
01:15:00,0.000000,-10.634409,-149.678288
01:30:00,0.000000,-10.968384,-149.677947
01:45:00,0.000000,-11.823853,-149.683623
02:00:00,83.013217,168.129602,-150.330023
02:15:00,0.000000,168.942044,-150.338050
02:30:00,0.000000,167.744959,-150.344885
02:45:00,0.000000,169.245252,-150.329957
03:00:00,85.933763,-10.745565,-149.684277
03:15:00,0.000000,-11.454926,-149.683469
03:30:00,0.000000,-10.719344,-149.687182
03:45:00,0.000000,-11.073541,-149.677413
04:00:00,0.000000,-9.986167,-149.686019
04:15:00,0.000000,-10.801514,-149.683307
04:30:00,0.000000,-10.707922,-149.669333
04:45:00,0.000000,-11.188590,-149.681734
05:00:00,0.000000,-11.107966,-149.682885
05:15:00,0.000000,-11.328546,-149.685458
05:30:00,81.809499,-11.127843,-149.739841
05:45:00,80.633945,-26.301173,-150.009285
06:00:00,79.164917,169.401632,-150.343067
06:15:00,-125.997631,167.066315,-150.327436
06:30:00,85.840129,-9.292356,-149.667983
06:45:00,-167.507756,2.804108,-149.564333
07:00:00,87.447989,43.369118,-150.006890
07:15:00,72.623061,172.048525,-150.337949
07:30:00,82.289906,-179.193313,-150.147833
07:45:00,68.857393,2.790370,-149.733218
08:00:00,84.259780,165.413076,-150.308615
08:15:00,34.793781,166.801912,-150.234227
08:30:00,-157.093379,170.202773,-150.299872
08:45:00,-57.692999,168.038600,-150.333210
09:00:00,0.000000,166.377001,-150.330394
09:15:00,-176.244103,167.169217,-150.345293
09:30:00,0.000000,168.922800,-150.338264
09:45:00,0.000000,167.276971,-150.335803
10:00:00,0.000000,168.956129,-150.337832
10:15:00,0.000000,168.775591,-150.342199
10:30:00,80.037573,-3.499540,-150.008732
10:45:00,0.000000,-42.349793,-149.998636
11:00:00,0.000000,79.755066,-150.007000
11:15:00,0.000000,-0.305778,-150.000331
11:30:00,0.000000,-149.609990,-150.010108
11:45:00,0.000000,7.262111,-150.002039
12:00:00,0.000000,154.807971,-150.011934
12:15:00,0.000000,131.398294,-150.007432
12:30:00,0.000000,178.190439,-150.000518
12:45:00,0.000000,-148.263269,-150.013172
13:00:00,0.000000,134.679499,-150.010493
13:15:00,0.000000,-84.239711,-150.009779
13:30:00,0.000000,24.921368,-150.004293
13:45:00,-20.484939,-92.850271,-150.010796
14:00:00,13.708651,27.427596,-149.981821
14:15:00,0.000000,16.948080,-149.984502
14:30:00,-153.274151,71.462117,-150.010125
14:45:00,0.000000,68.709471,-150.001757
15:00:00,169.508699,72.284737,-150.024247
15:15:00,160.693351,-144.123673,-150.038434
15:30:00,32.521606,-88.203827,-150.006011
15:45:00,0.000000,-25.196576,-150.002371
16:00:00,0.000000,30.436106,-150.008110
16:15:00,0.000000,51.099452,-150.000049
16:30:00,0.000000,117.835173,-150.010765
16:45:00,0.000000,39.790903,-150.008820
17:00:00,0.000000,112.131353,-150.010801
17:15:00,22.004564,50.591083,-149.832946
17:30:00,0.000000,51.009483,-149.841294
17:45:00,0.000000,50.062192,-149.833751
18:00:00,146.995180,42.626617,-149.829585
18:15:00,86.894042,-162.863555,-150.531396
18:30:00,84.701324,-72.525251,-149.855687
18:45:00,81.651838,-162.095332,-150.510120
19:00:00,0.000000,-159.121102,-150.507607
19:15:00,0.000000,-159.792232,-150.496974
19:30:00,96.878638,-159.925163,-150.517262
19:45:00,0.000000,-160.034317,-150.505922
20:00:00,14.188789,165.676852,-150.350868
20:15:00,0.000000,167.779978,-150.342809
20:30:00,0.000000,169.330621,-150.347391
20:45:00,0.000000,170.921030,-150.344954
21:00:00,86.252398,-9.764803,-149.667356
21:15:00,-168.918371,-9.993858,-149.695464
21:30:00,82.824507,164.729236,-150.351087
21:45:00,0.000000,168.187183,-150.352689
22:00:00,85.191685,-13.531376,-149.692373
22:15:00,0.000000,-13.151211,-149.691528
22:30:00,82.976307,168.964732,-150.330722
22:45:00,4.863026,170.235681,-150.232662
23:00:00,29.843329,109.227005,-150.093121
23:15:00,132.361835,107.533556,-150.010109
23:30:00,164.769598,5.249012,-149.985744
23:45:00,158.615306,158.405599,-150.017400
