Quasi-Dynamic Simulation AC unbalanced,Terminal(4),Terminal(4),Terminal(4)
"Time","Reactive Power Balance (=0) in Mvar","Active Power Balance (=0) in MW","Unbalance Factor in %"
00:00:00,0.000042,0.000120,0.930590
00:15:00,0.000000,0.000001,0.871948
00:30:00,0.000000,0.000000,0.891629
00:45:00,0.000000,0.000000,0.868107
01:00:00,0.000000,0.000000,0.882405
01:15:00,0.000000,0.000000,0.884131
01:30:00,0.000000,0.000000,0.857334
01:45:00,0.000000,0.000000,0.853155
02:00:00,0.000151,0.000448,0.856005
02:15:00,0.000000,0.000001,0.909257
02:30:00,0.000000,0.000000,0.902034
02:45:00,0.000000,0.000000,0.904312
03:00:00,0.000000,0.000000,0.905827
03:15:00,0.000000,0.000000,0.918376
03:30:00,0.000182,0.000523,0.892973
03:45:00,0.000081,0.000238,0.343140
04:00:00,0.000082,0.000235,0.892095
04:15:00,0.000000,0.000000,0.859210
04:30:00,0.000000,0.000000,0.879033
04:45:00,0.000000,0.000000,0.855773
05:00:00,0.000151,0.000449,0.873015
05:15:00,0.000000,0.000001,0.915720
05:30:00,0.000045,0.000131,0.006979
05:45:00,0.000000,0.000000,0.008773
06:00:00,0.000000,0.000000,0.015977
06:15:00,0.000000,0.000001,0.089285
06:30:00,0.000000,0.000000,0.119603
06:45:00,0.000022,0.000062,0.675367
07:00:00,0.000022,0.000063,0.085997
07:15:00,0.000000,0.000001,0.051278
07:30:00,0.000001,0.000004,0.141478
07:45:00,0.000002,0.000006,0.246769
08:00:00,0.000005,0.000014,0.202081
08:15:00,0.000005,0.000016,0.128820
08:30:00,0.000008,0.000023,0.025056
08:45:00,0.000000,0.000001,0.092624
09:00:00,0.000000,0.000000,0.081912
09:15:00,0.000000,0.000001,0.026159
09:30:00,0.000000,0.000000,0.025069
09:45:00,0.000000,0.000000,0.024923
10:00:00,0.000000,0.000000,0.025049
10:15:00,0.000000,0.000000,0.004571
10:30:00,0.000000,0.000000,0.011588
10:45:00,0.000000,0.000000,0.024810
11:00:00,0.000000,0.000000,0.012430
11:15:00,0.000000,0.000000,0.038615
11:30:00,0.000000,0.000000,0.009278
11:45:00,0.000000,0.000000,0.018040
12:00:00,0.000000,0.000000,0.013226
12:15:00,0.000000,0.000000,0.006820
12:30:00,0.000000,0.000000,0.031149
12:45:00,0.000000,0.000000,0.037856
13:00:00,0.000000,0.000000,0.014081
13:15:00,0.000000,0.000000,0.007868
13:30:00,0.000000,0.000000,0.035470
13:45:00,0.000004,0.000010,0.107176
14:00:00,0.000001,0.000004,0.101871
14:15:00,0.000000,0.000000,0.144890
14:30:00,0.000001,0.000001,0.074111
14:45:00,0.000000,0.000000,0.039923
15:00:00,0.000001,0.000002,0.096165
15:15:00,0.000001,0.000004,0.133684
15:30:00,0.000001,0.000004,0.000591
15:45:00,0.000000,0.000000,0.013372
16:00:00,0.000000,0.000000,0.007212
16:15:00,0.000000,0.000000,0.003235
16:30:00,0.000000,0.000000,0.021787
16:45:00,0.000000,0.000000,0.017473
17:00:00,0.000000,0.000000,0.022625
17:15:00,0.000000,0.000000,0.039997
17:30:00,0.000000,0.000000,0.032693
17:45:00,0.000000,0.000000,0.027207
18:00:00,0.000001,0.000002,0.110100
18:15:00,0.000051,0.000147,0.888141
18:30:00,0.000150,0.000448,0.846927
18:45:00,0.000044,0.000126,0.737537
19:00:00,0.000000,0.000002,1.578793
19:15:00,0.000000,0.000000,1.545025
19:30:00,0.000000,0.000001,1.645681
19:45:00,0.000000,0.000000,1.648746
20:00:00,0.000000,0.000001,1.627502
20:15:00,0.000118,0.000339,0.898532
20:30:00,0.000000,0.000000,0.927131
20:45:00,0.000000,0.000000,0.934408
21:00:00,0.000049,0.000143,0.094980
21:15:00,0.000040,0.000114,0.867573
21:30:00,0.000038,0.000111,0.069789
21:45:00,0.000043,0.000128,0.904346
22:00:00,0.000041,0.000120,0.036012
22:15:00,0.000039,0.000112,0.840283
22:30:00,0.000037,0.000108,0.066126
22:45:00,0.000053,0.000156,0.910228
23:00:00,0.000168,0.000477,1.309881
23:15:00,0.000024,0.000073,0.884452
23:30:00,0.000145,0.000433,0.798002
23:45:00,0.000001,0.000003,0.916980
