Quasi-Dynamic Simulation AC unbalanced,Terminal(4),Terminal(4),Terminal(4)
"Time","U0, Angle in deg","U2, Angle in deg","U1, Angle in deg"
00:00:00,81.591662,-9.711565,-149.669501
00:15:00,110.968990,-10.472340,-149.671217
00:30:00,0.000000,-10.657138,-149.671198
00:45:00,0.000000,-11.069950,-149.682014
01:00:00,0.000000,-9.183184,-149.687931
01:15:00,0.000000,-10.634409,-149.678288
01:30:00,0.000000,-10.968384,-149.677947
01:45:00,0.000000,-11.823853,-149.683623
02:00:00,83.013217,168.129602,-150.330023
02:15:00,0.000000,168.942044,-150.338050
02:30:00,0.000000,167.744959,-150.344885
02:45:00,0.000000,169.245252,-150.329957
03:00:00,85.933763,-10.745565,-149.684277
03:15:00,0.000000,-11.454926,-149.683469
03:30:00,0.000000,-10.719344,-149.687182
03:45:00,0.000000,-11.073541,-149.677413
04:00:00,0.000000,-9.986167,-149.686019
04:15:00,0.000000,-10.801514,-149.683307
04:30:00,0.000000,-10.707922,-149.669333
04:45:00,0.000000,-11.188590,-149.681734
05:00:00,0.000000,-11.107966,-149.682885
05:15:00,0.000000,-11.336267,-149.689381
05:30:00,83.066251,168.911063,-150.337258
05:45:00,0.000000,168.864007,-150.343091
06:00:00,0.000000,169.059543,-150.343212
06:15:00,-169.532689,167.064622,-150.327437
06:30:00,0.000000,166.670089,-150.324515
06:45:00,-171.979159,120.355519,-150.221912
07:00:00,-166.291504,163.349277,-150.341093
07:15:00,141.844074,171.774528,-150.338084
07:30:00,73.527804,173.330996,-150.382959
07:45:00,64.399599,114.510897,-150.057542
08:00:00,170.782074,0.417424,-149.974769
08:15:00,34.781470,1.506301,-149.900198
08:30:00,-154.539433,-66.778655,-149.966495
08:45:00,-58.381827,-4.572830,-149.999243
09:00:00,0.000000,13.044496,-149.996676
09:15:00,-173.681453,101.398738,-150.011392
09:30:00,0.000000,-16.250641,-150.004493
09:45:00,0.000000,51.585678,-150.002044
10:00:00,0.000000,-17.364762,-150.004069
10:15:00,0.000000,170.621934,-150.008396
10:30:00,0.000000,36.252160,-150.008734
10:45:00,0.000000,-42.376918,-149.998637
11:00:00,0.000000,79.755063,-150.007000
11:15:00,0.000000,-0.305778,-150.000331
11:30:00,0.000000,-149.609990,-150.010108
11:45:00,0.000000,7.262111,-150.002039
12:00:00,0.000000,154.807971,-150.011934
12:15:00,0.000000,131.398294,-150.007432
12:30:00,0.000000,178.190439,-150.000518
12:45:00,0.000000,-148.263269,-150.013172
13:00:00,0.000000,134.679499,-150.010493
13:15:00,0.000000,-84.239711,-150.009779
13:30:00,0.000000,24.921368,-150.004293
13:45:00,-20.484939,-92.850271,-150.010796
14:00:00,13.708651,27.427596,-149.981821
14:15:00,0.000000,16.948080,-149.984502
14:30:00,-153.274151,71.462117,-150.010125
14:45:00,0.000000,68.709471,-150.001757
15:00:00,169.508699,72.284737,-150.024247
15:15:00,160.693351,-144.123673,-150.038434
15:30:00,32.521606,-88.203828,-150.006011
15:45:00,0.000000,-25.196576,-150.002371
16:00:00,0.000000,30.436106,-150.008110
16:15:00,0.000000,51.099452,-150.000049
16:30:00,0.000000,117.835173,-150.010765
16:45:00,0.000000,39.790903,-150.008820
17:00:00,0.000000,112.131353,-150.010801
17:15:00,0.000000,84.976344,-149.995620
17:30:00,0.000000,175.027828,-150.004034
17:45:00,0.000000,75.805517,-149.996508
18:00:00,62.439250,-152.165727,-150.032592
18:15:00,4.408892,125.691330,-150.025174
18:30:00,0.000000,-157.992571,-150.018691
18:45:00,0.000000,89.164264,-150.004376
19:00:00,0.000000,-22.166655,-150.001972
19:15:00,0.000000,2.438246,-149.991663
19:30:00,103.110462,-111.258664,-150.011337
19:45:00,0.000000,-121.586534,-150.000476
20:00:00,26.550408,-134.165624,-150.182415
20:15:00,0.000000,-132.984119,-150.174377
20:30:00,74.269893,-160.439210,-150.518784
20:45:00,0.000000,-159.543647,-150.516671
21:00:00,107.165936,-159.684435,-150.495522
21:15:00,-171.476394,-161.685251,-150.524459
21:30:00,0.000000,-163.168819,-150.522777
21:45:00,0.000000,-161.433869,-150.524374
22:00:00,0.000000,99.673980,-150.115287
22:15:00,26.438255,-165.250113,-150.469246
22:30:00,98.153411,45.784918,-149.833985
22:45:00,6.760287,47.566348,-149.737234
23:00:00,30.918592,40.723987,-149.606630
23:15:00,134.766885,20.197167,-149.529272
23:30:00,86.217477,166.337951,-150.319317
23:45:00,153.856744,168.431722,-150.351498
