Quasi-Dynamic Simulation AC unbalanced,Terminal(4),Terminal(4),Terminal(4)
"Time","U0, Angle in deg","U2, Angle in deg","U1, Angle in deg"
00:00:00,26.547346,45.726883,-149.829507
00:15:00,-169.359815,49.028553,-149.831255
00:30:00,0.000000,46.537509,-149.831242
00:45:00,0.000000,48.258868,-149.842134
01:00:00,0.000000,50.441829,-149.848068
01:15:00,0.000000,47.360150,-149.838371
01:30:00,0.000000,49.628938,-149.837991
01:45:00,0.000000,48.361580,-149.843707
02:00:00,21.571081,-129.489432,-150.161674
02:15:00,-175.861171,-131.433187,-150.169749
02:30:00,0.000000,-132.884149,-150.176492
02:45:00,0.000000,-130.275319,-150.161702
03:00:00,0.000000,-131.733436,-150.172493
03:15:00,0.000000,-131.614000,-150.171728
03:30:00,0.000000,-131.792656,-150.175462
03:45:00,18.660569,51.472158,-149.919497
04:00:00,26.435360,49.146355,-149.846138
04:15:00,0.000000,49.767872,-149.843377
04:30:00,0.000000,47.738867,-149.829332
04:45:00,24.622864,-5.303220,-150.004498
05:00:00,0.000000,-22.841125,-150.005655
05:15:00,0.000000,-147.045471,-150.008291
05:30:00,0.000000,-113.177083,-150.003568
05:45:00,0.000000,-20.323556,-150.009285
06:00:00,0.000000,-174.614990,-150.009354
06:15:00,-167.085762,4.347574,-149.993710
06:30:00,0.000000,2.570688,-149.990765
06:45:00,-169.669105,21.209054,-149.887579
07:00:00,-164.302500,55.171007,-150.006890
07:15:00,144.364318,-69.876181,-150.004111
07:30:00,74.562405,-157.481776,-150.047680
07:45:00,155.283117,117.808199,-150.057562
08:00:00,136.793879,0.397990,-149.974770
08:15:00,35.314867,1.503978,-149.900198
08:30:00,-154.536326,-66.778767,-149.966495
08:45:00,-58.381815,-4.572830,-149.999243
09:00:00,0.000000,13.044496,-149.996676
09:15:00,-173.681452,101.398738,-150.011392
09:30:00,0.000000,-16.250641,-150.004493
09:45:00,0.000000,51.585678,-150.002044
10:00:00,0.000000,-17.364762,-150.004069
10:15:00,0.000000,170.621934,-150.008396
10:30:00,0.000000,36.252160,-150.008734
10:45:00,0.000000,-42.376918,-149.998637
11:00:00,0.000000,79.755063,-150.007000
11:15:00,0.000000,-0.305778,-150.000331
11:30:00,0.000000,-149.609990,-150.010108
11:45:00,0.000000,7.262111,-150.002039
12:00:00,0.000000,154.807971,-150.011934
12:15:00,0.000000,131.398294,-150.007432
12:30:00,0.000000,178.190439,-150.000518
12:45:00,0.000000,-148.263269,-150.013172
13:00:00,0.000000,134.679499,-150.010493
13:15:00,0.000000,-84.239711,-150.009779
13:30:00,0.000000,24.921368,-150.004293
13:45:00,-20.484939,-92.850271,-150.010796
14:00:00,13.708651,27.427596,-149.981821
14:15:00,0.000000,16.948080,-149.984502
14:30:00,-153.274152,71.462117,-150.010125
14:45:00,0.000000,68.709471,-150.001757
15:00:00,169.508700,72.284737,-150.024247
15:15:00,160.693351,-144.123673,-150.038434
15:30:00,32.521606,-88.203827,-150.006011
15:45:00,21.039286,48.245162,-149.839711
16:00:00,22.710614,48.896615,-149.897347
16:15:00,19.817744,40.477768,-150.000050
16:30:00,0.000000,117.832910,-150.010765
16:45:00,0.000000,39.790908,-150.008820
17:00:00,22.778945,-132.529312,-150.176261
17:15:00,0.000000,-132.937126,-150.161062
17:30:00,17.220683,50.365002,-149.841397
17:45:00,31.577447,50.060357,-149.833747
18:00:00,24.450672,-133.008286,-150.198375
18:15:00,70.126581,-135.309734,-150.190922
18:30:00,0.000000,-132.184108,-150.184439
18:45:00,95.130561,-140.852728,-150.227883
19:00:00,70.956859,-158.866077,-150.507459
19:15:00,0.000000,-159.791698,-150.496973
19:30:00,96.911822,-159.925163,-150.517262
19:45:00,0.000000,-160.034317,-150.505922
20:00:00,-88.031824,-162.513976,-150.522592
20:15:00,0.000000,-161.532625,-150.514398
20:30:00,0.000000,-160.837972,-150.519012
20:45:00,0.000000,-159.544811,-150.516672
21:00:00,85.893256,-65.454925,-149.827460
21:15:00,-169.200784,-72.087932,-149.855724
21:30:00,91.670325,-134.708081,-150.151641
21:45:00,17.725041,140.008975,-150.018545
22:00:00,0.000000,-112.586896,-150.015459
22:15:00,20.963672,47.873719,-149.851858
22:30:00,15.930116,-8.887427,-149.996782
22:45:00,10.045340,-129.526328,-150.064661
23:00:00,-4.590485,73.531606,-149.928336
23:15:00,134.827995,51.514378,-149.847277
23:30:00,18.471696,-125.039947,-150.151013
23:45:00,156.010845,-133.050142,-150.182995
