Quasi-Dynamic Simulation AC unbalanced,Terminal(4),Terminal(4),Terminal(4)
"Time","U0, Angle in deg","U2, Angle in deg","U1, Angle in deg"
00:00:00,26.547346,45.726883,-149.829507
00:15:00,-169.359815,49.028553,-149.831255
00:30:00,0.000000,46.537509,-149.831242
00:45:00,0.000000,48.258868,-149.842134
01:00:00,0.000000,50.441829,-149.848068
01:15:00,0.000000,47.360150,-149.838371
01:30:00,0.000000,49.628938,-149.837991
01:45:00,0.000000,48.361580,-149.843707
02:00:00,21.571081,-129.489432,-150.161674
02:15:00,-175.861171,-131.433187,-150.169749
02:30:00,0.000000,-132.884149,-150.176492
02:45:00,0.000000,-130.275319,-150.161702
03:00:00,16.210658,49.006970,-149.844479
03:15:00,-46.542650,49.457151,-149.843565
03:30:00,0.000000,49.636250,-149.847289
03:45:00,0.000000,50.823424,-149.837463
04:00:00,0.000000,49.193782,-149.846133
04:15:00,0.000000,49.767886,-149.843377
04:30:00,0.000000,47.738867,-149.829332
04:45:00,0.000000,49.396650,-149.841813
05:00:00,0.000000,48.263246,-149.842967
05:15:00,0.000000,49.409762,-149.845571
05:30:00,17.979741,49.128192,-149.870831
05:45:00,21.347770,-3.162864,-150.009285
06:00:00,0.000000,-174.619805,-150.009354
06:15:00,14.201600,-126.975761,-150.159103
06:30:00,22.854979,4.113899,-149.990768
06:45:00,85.525052,36.991476,-149.724659
07:00:00,84.313258,49.550479,-150.006891
07:15:00,20.779720,-128.438538,-150.169620
07:30:00,8.164835,-140.252150,-150.097634
07:45:00,11.725638,62.424620,-149.894011
08:00:00,6.269784,-119.673179,-150.140169
08:15:00,19.624880,-124.697890,-150.065741
08:30:00,-152.116253,-129.975070,-150.131738
08:45:00,-57.420916,-126.390085,-150.164777
09:00:00,0.000000,-128.117454,-150.162088
09:15:00,-174.036179,-132.752003,-150.176894
09:30:00,0.000000,-129.946223,-150.169932
09:45:00,0.000000,-131.477126,-150.167476
10:00:00,0.000000,-129.935210,-150.169505
10:15:00,0.000000,-131.667569,-150.173851
10:30:00,19.379441,33.985751,-150.008733
10:45:00,0.000000,-42.344206,-149.998637
11:00:00,0.000000,79.755067,-150.007000
11:15:00,0.000000,-0.305778,-150.000331
11:30:00,0.000000,-149.609990,-150.010108
11:45:00,0.000000,7.262111,-150.002039
12:00:00,0.000000,154.807971,-150.011934
12:15:00,0.000000,131.398294,-150.007432
12:30:00,0.000000,178.190439,-150.000518
12:45:00,0.000000,-148.263269,-150.013172
13:00:00,0.000000,134.679499,-150.010493
13:15:00,0.000000,-84.239711,-150.009779
13:30:00,0.000000,24.921368,-150.004293
13:45:00,-20.484938,-92.850271,-150.010796
14:00:00,13.708651,27.427596,-149.981821
14:15:00,0.000000,16.948080,-149.984502
14:30:00,-153.274151,71.462117,-150.010125
14:45:00,0.000000,68.709471,-150.001757
15:00:00,169.508699,72.284737,-150.024247
15:15:00,160.693351,-144.123673,-150.038434
15:30:00,32.521606,-88.203827,-150.006011
15:45:00,0.000000,-25.196576,-150.002371
16:00:00,0.000000,30.436106,-150.008110
16:15:00,0.000000,51.099452,-150.000049
16:30:00,0.000000,117.835173,-150.010765
16:45:00,0.000000,39.790903,-150.008820
17:00:00,0.000000,112.131353,-150.010801
17:15:00,0.000000,84.976344,-149.995620
17:30:00,0.000000,175.027828,-150.004034
17:45:00,0.000000,75.805517,-149.996508
18:00:00,-61.675789,90.401451,-150.005216
18:15:00,22.901249,-135.135834,-150.190892
18:30:00,21.262426,49.318437,-149.855801
18:45:00,24.420467,-140.343846,-150.227719
19:00:00,70.646036,-158.891333,-150.507441
19:15:00,0.000000,-159.791632,-150.496973
19:30:00,96.914955,-159.925163,-150.517262
19:45:00,0.000000,-160.034317,-150.505922
20:00:00,-88.031825,-162.513976,-150.522592
20:15:00,0.000000,-161.532625,-150.514398
20:30:00,0.000000,-160.837972,-150.519012
20:45:00,0.000000,-159.544811,-150.516672
21:00:00,92.784730,-9.755842,-149.667323
21:15:00,6.841637,19.775229,-149.537688
21:30:00,90.619093,100.352913,-150.016954
21:45:00,20.345175,-132.932103,-150.184136
22:00:00,20.340170,47.670723,-149.852716
22:15:00,9.418357,48.028384,-149.851833
22:30:00,20.390484,-127.105392,-150.162214
22:45:00,11.447753,-129.630105,-150.064669
23:00:00,-31.809902,109.968162,-150.093124
23:15:00,128.664764,107.028151,-150.010109
23:30:00,28.089614,44.269849,-149.823156
23:45:00,26.560636,-132.219413,-150.182885
