Quasi-Dynamic Simulation AC unbalanced,Terminal(4),Terminal(4),Terminal(4)
"Time","Reactive Power Balance (=0) in Mvar","Active Power Balance (=0) in MW","Unbalance Factor in %"
00:00:00,0.000000,0.000001,0.081885
00:15:00,0.000000,0.000000,0.010442
00:30:00,0.000000,0.000000,0.051499
00:45:00,0.000000,0.000000,0.016251
01:00:00,0.000000,0.000000,0.027719
01:15:00,0.000000,0.000000,0.036738
01:30:00,0.000000,0.000000,0.007629
01:45:00,0.000000,0.000000,0.016017
02:00:00,0.000000,0.000000,0.028702
02:15:00,0.000000,0.000000,0.003168
02:30:00,0.000000,0.000000,0.023495
02:45:00,0.000000,0.000000,0.017741
03:00:00,0.000000,0.000000,0.005009
03:15:00,0.000000,0.000000,0.012056
03:30:00,0.000000,0.000000,0.005955
03:45:00,0.000000,0.000000,0.028935
04:00:00,0.000000,0.000000,0.017494
04:15:00,0.000000,0.000000,0.008353
04:30:00,0.000000,0.000000,0.029170
04:45:00,0.000000,0.000000,0.006696
05:00:00,0.000000,0.000000,0.015701
05:15:00,0.000000,0.000000,0.009470
05:30:00,0.000000,0.000000,0.002228
05:45:00,0.000000,0.000000,0.008773
06:00:00,0.000000,0.000000,0.015977
06:15:00,0.000000,0.000001,0.089285
06:30:00,0.000000,0.000000,0.119603
06:45:00,0.000022,0.000062,0.675367
07:00:00,0.000022,0.000063,0.085997
07:15:00,0.000000,0.000001,0.051278
07:30:00,0.000001,0.000004,0.141478
07:45:00,0.000002,0.000006,0.246769
08:00:00,0.000005,0.000014,0.202081
08:15:00,0.000005,0.000016,0.128820
08:30:00,0.000008,0.000023,0.025056
08:45:00,0.000000,0.000001,0.092624
09:00:00,0.000000,0.000000,0.081912
09:15:00,0.000000,0.000001,0.026159
09:30:00,0.000000,0.000000,0.025069
09:45:00,0.000000,0.000000,0.024923
10:00:00,0.000000,0.000000,0.025049
10:15:00,0.000000,0.000000,0.004571
10:30:00,0.000000,0.000000,0.011588
10:45:00,0.000000,0.000000,0.024810
11:00:00,0.000000,0.000000,0.012430
11:15:00,0.000000,0.000000,0.038615
11:30:00,0.000000,0.000000,0.009278
11:45:00,0.000000,0.000000,0.018040
12:00:00,0.000000,0.000000,0.013226
12:15:00,0.000000,0.000000,0.006820
12:30:00,0.000000,0.000000,0.031149
12:45:00,0.000000,0.000000,0.037856
13:00:00,0.000000,0.000000,0.014081
13:15:00,0.000000,0.000000,0.007868
13:30:00,0.000000,0.000000,0.035470
13:45:00,0.000004,0.000010,0.107176
14:00:00,0.000001,0.000004,0.101871
14:15:00,0.000000,0.000000,0.144890
14:30:00,0.000001,0.000001,0.074111
14:45:00,0.000000,0.000000,0.039923
15:00:00,0.000001,0.000002,0.096165
15:15:00,0.000001,0.000004,0.133684
15:30:00,0.000001,0.000004,0.000591
15:45:00,0.000000,0.000000,0.013372
16:00:00,0.000000,0.000000,0.007212
16:15:00,0.000000,0.000000,0.003235
16:30:00,0.000000,0.000000,0.021787
16:45:00,0.000000,0.000000,0.017473
17:00:00,0.000000,0.000000,0.022625
17:15:00,0.000042,0.000119,0.901340
17:30:00,0.000000,0.000000,0.844486
17:45:00,0.000000,0.000000,0.887165
18:00:00,0.000001,0.000002,0.766090
18:15:00,0.000002,0.000005,0.629302
18:30:00,0.000003,0.000008,0.841674
18:45:00,0.000146,0.000435,0.848921
19:00:00,0.000000,0.000001,0.889421
19:15:00,0.000000,0.000000,0.853356
19:30:00,0.000109,0.000323,1.632519
19:45:00,0.000000,0.000000,1.648741
20:00:00,0.000000,0.000001,1.627502
20:15:00,0.000000,0.000000,1.632935
20:30:00,0.000000,0.000000,1.649644
20:45:00,0.000000,0.000000,1.639348
21:00:00,0.000199,0.000587,0.898311
21:15:00,0.000047,0.000142,0.929273
21:30:00,0.000001,0.000004,0.840592
21:45:00,0.000000,0.000001,0.658870
22:00:00,0.000001,0.000002,0.855651
22:15:00,0.000000,0.000000,0.863837
22:30:00,0.000000,0.000000,0.922988
22:45:00,0.000002,0.000006,0.886694
23:00:00,0.000180,0.000541,0.586536
23:15:00,0.000023,0.000068,0.042351
23:30:00,0.000001,0.000001,0.115579
23:45:00,0.000001,0.000002,0.027577
