Quasi-Dynamic Simulation AC unbalanced,Terminal(4),Terminal(4),Terminal(4)
"Time","Reactive Power Balance (=0) in Mvar","Active Power Balance (=0) in MW","Unbalance Factor in %"
00:00:00,0.000042,0.000120,0.930590
00:15:00,0.000000,0.000001,0.871948
00:30:00,0.000000,0.000000,0.891629
00:45:00,0.000000,0.000000,0.868107
01:00:00,0.000000,0.000000,0.882405
01:15:00,0.000000,0.000000,0.884131
01:30:00,0.000000,0.000000,0.857334
01:45:00,0.000000,0.000000,0.853155
02:00:00,0.000151,0.000448,0.856005
02:15:00,0.000000,0.000001,0.909257
02:30:00,0.000000,0.000000,0.902034
02:45:00,0.000000,0.000000,0.904312
03:00:00,0.000181,0.000518,0.892952
03:15:00,0.000000,0.000001,0.850827
03:30:00,0.000000,0.000000,0.861913
03:45:00,0.000000,0.000000,0.846156
04:00:00,0.000000,0.000000,0.878963
04:15:00,0.000000,0.000000,0.859200
04:30:00,0.000000,0.000000,0.879033
04:45:00,0.000000,0.000000,0.855773
05:00:00,0.000000,0.000000,0.866721
05:15:00,0.000000,0.000000,0.853194
05:30:00,0.000001,0.000003,0.703390
05:45:00,0.000026,0.000076,0.012506
06:00:00,0.000000,0.000000,0.015971
06:15:00,0.000039,0.000115,0.836525
06:30:00,0.000043,0.000125,0.126991
06:45:00,0.000059,0.000168,1.495483
07:00:00,0.000060,0.000174,0.090343
07:15:00,0.000044,0.000132,0.925561
07:30:00,0.000013,0.000037,0.401315
07:45:00,0.000085,0.000241,0.995188
08:00:00,0.000143,0.000428,0.758127
08:15:00,0.000007,0.000020,0.833409
08:30:00,0.000008,0.000023,0.919202
08:45:00,0.000000,0.000001,0.854683
09:00:00,0.000000,0.000000,0.839951
09:15:00,0.000000,0.000001,0.890398
09:30:00,0.000000,0.000000,0.895822
09:45:00,0.000000,0.000000,0.880923
10:00:00,0.000000,0.000000,0.896284
10:15:00,0.000000,0.000000,0.908771
10:30:00,0.000045,0.000130,0.020179
10:45:00,0.000000,0.000000,0.024810
11:00:00,0.000000,0.000000,0.012430
11:15:00,0.000000,0.000000,0.038615
11:30:00,0.000000,0.000000,0.009278
11:45:00,0.000000,0.000000,0.018040
12:00:00,0.000000,0.000000,0.013226
12:15:00,0.000000,0.000000,0.006820
12:30:00,0.000000,0.000000,0.031149
12:45:00,0.000000,0.000000,0.037856
13:00:00,0.000000,0.000000,0.014081
13:15:00,0.000000,0.000000,0.007868
13:30:00,0.000000,0.000000,0.035470
13:45:00,0.000004,0.000010,0.107176
14:00:00,0.000001,0.000004,0.101871
14:15:00,0.000000,0.000000,0.144890
14:30:00,0.000001,0.000001,0.074111
14:45:00,0.000000,0.000000,0.039923
15:00:00,0.000001,0.000002,0.096165
15:15:00,0.000001,0.000004,0.133684
15:30:00,0.000001,0.000004,0.000591
15:45:00,0.000000,0.000000,0.013372
16:00:00,0.000000,0.000000,0.007212
16:15:00,0.000000,0.000000,0.003235
16:30:00,0.000000,0.000000,0.021787
16:45:00,0.000000,0.000000,0.017473
17:00:00,0.000000,0.000000,0.022625
17:15:00,0.000000,0.000000,0.039997
17:30:00,0.000000,0.000000,0.032693
17:45:00,0.000000,0.000000,0.027207
18:00:00,0.000000,0.000001,0.059838
18:15:00,0.000046,0.000137,0.886888
18:30:00,0.000171,0.000491,0.869565
18:45:00,0.000189,0.000562,0.937195
19:00:00,0.000075,0.000222,1.568223
19:15:00,0.000000,0.000000,1.545025
19:30:00,0.000000,0.000001,1.645681
19:45:00,0.000000,0.000000,1.648746
20:00:00,0.000000,0.000001,1.627502
20:15:00,0.000000,0.000000,1.632935
20:30:00,0.000000,0.000000,1.649644
20:45:00,0.000000,0.000000,1.639348
21:00:00,0.000003,0.000012,0.947155
21:15:00,0.000040,0.000110,1.440290
21:30:00,0.000000,0.000001,0.067134
21:45:00,0.000042,0.000125,0.904709
22:00:00,0.000174,0.000499,0.853717
22:15:00,0.000000,0.000001,0.834103
22:30:00,0.000147,0.000436,0.853220
22:45:00,0.000003,0.000010,0.920454
23:00:00,0.000049,0.000144,0.618827
23:15:00,0.000026,0.000077,0.041029
23:30:00,0.000047,0.000134,0.954905
23:45:00,0.000163,0.000484,0.886713
