Quasi-Dynamic Simulation AC unbalanced,Terminal(4),Terminal(4),Terminal(4)
"Time","Reactive Power Balance (=0) in Mvar","Active Power Balance (=0) in MW","Unbalance Factor in %"
00:00:00,0.000103,0.000297,0.954509
00:15:00,0.000000,0.000001,0.870102
00:30:00,0.000000,0.000000,0.912529
00:45:00,0.000000,0.000000,0.877814
01:00:00,0.000000,0.000000,0.856524
01:15:00,0.000000,0.000000,0.897731
01:30:00,0.000000,0.000000,0.854595
01:45:00,0.000000,0.000000,0.868757
02:00:00,0.000001,0.000003,0.878416
02:15:00,0.000000,0.000000,0.907905
02:30:00,0.000000,0.000000,0.924330
02:45:00,0.000000,0.000000,0.889665
03:00:00,0.000001,0.000004,0.858114
03:15:00,0.000000,0.000000,0.853588
03:30:00,0.000000,0.000000,0.856636
03:45:00,0.000000,0.000000,0.833935
04:00:00,0.000000,0.000000,0.871032
04:15:00,0.000000,0.000000,0.853641
04:30:00,0.000000,0.000000,0.890351
04:45:00,0.000000,0.000000,0.856860
05:00:00,0.000000,0.000000,0.876800
05:15:00,0.000000,0.000000,0.855307
05:30:00,0.000003,0.000009,0.705194
05:45:00,0.000065,0.000188,0.017958
06:00:00,0.000104,0.000309,0.906078
06:15:00,0.000000,0.000001,0.819167
06:30:00,0.000001,0.000004,0.977457
06:45:00,0.000020,0.000061,1.471725
07:00:00,0.000094,0.000276,0.090063
07:15:00,0.000098,0.000294,0.865181
07:30:00,0.000036,0.000105,0.393477
07:45:00,0.000175,0.000503,0.760831
08:00:00,0.000001,0.000002,0.707417
08:15:00,0.000006,0.000016,0.788416
08:30:00,0.000009,0.000024,0.893937
08:45:00,0.000000,0.000001,0.813522
09:00:00,0.000000,0.000000,0.830751
09:15:00,0.000000,0.000001,0.916675
09:30:00,0.000000,0.000000,0.880718
09:45:00,0.000000,0.000000,0.894828
10:00:00,0.000000,0.000000,0.880795
10:15:00,0.000000,0.000000,0.910844
10:30:00,0.000113,0.000329,0.025521
10:45:00,0.000000,0.000000,0.024850
11:00:00,0.000000,0.000000,0.012430
11:15:00,0.000000,0.000000,0.038615
11:30:00,0.000000,0.000000,0.009278
11:45:00,0.000000,0.000000,0.018040
12:00:00,0.000000,0.000000,0.013226
12:15:00,0.000000,0.000000,0.006820
12:30:00,0.000000,0.000000,0.031149
12:45:00,0.000000,0.000000,0.037856
13:00:00,0.000000,0.000000,0.014081
13:15:00,0.000000,0.000000,0.007868
13:30:00,0.000000,0.000000,0.035470
13:45:00,0.000004,0.000010,0.107176
14:00:00,0.000001,0.000004,0.101871
14:15:00,0.000000,0.000000,0.144890
14:30:00,0.000001,0.000001,0.074111
14:45:00,0.000000,0.000000,0.039923
15:00:00,0.000001,0.000002,0.096165
15:15:00,0.000001,0.000004,0.133684
15:30:00,0.000001,0.000004,0.000591
15:45:00,0.000000,0.000000,0.013372
16:00:00,0.000000,0.000000,0.007212
16:15:00,0.000000,0.000000,0.003235
16:30:00,0.000000,0.000000,0.021787
16:45:00,0.000000,0.000000,0.017473
17:00:00,0.000000,0.000000,0.022625
17:15:00,0.000042,0.000119,0.901340
17:30:00,0.000000,0.000000,0.844486
17:45:00,0.000000,0.000000,0.887165
18:00:00,0.000001,0.000004,0.763359
18:15:00,0.000001,0.000005,1.642088
18:30:00,0.000001,0.000005,0.865526
18:45:00,0.000001,0.000003,1.609231
19:00:00,0.000000,0.000001,1.578979
19:15:00,0.000000,0.000000,1.545025
19:30:00,0.000000,0.000001,1.645681
19:45:00,0.000000,0.000000,1.648746
20:00:00,0.000049,0.000148,0.930206
20:15:00,0.000000,0.000000,0.927067
20:30:00,0.000000,0.000000,0.930850
20:45:00,0.000000,0.000000,0.902838
21:00:00,0.000001,0.000004,0.946049
21:15:00,0.000000,0.000001,0.832963
21:30:00,0.000001,0.000003,0.933562
21:45:00,0.000000,0.000000,0.932861
22:00:00,0.000001,0.000004,0.855953
22:15:00,0.000000,0.000000,0.863838
22:30:00,0.000001,0.000003,0.844688
22:45:00,0.000003,0.000007,0.893285
23:00:00,0.000054,0.000160,0.615441
23:15:00,0.000026,0.000077,0.041129
23:30:00,0.000001,0.000001,0.115577
23:45:00,0.000001,0.000002,0.027577
