Quasi-Dynamic Simulation AC unbalanced,Terminal(4),Terminal(4),Terminal(4)
"Time","U0, Angle in deg","U2, Angle in deg","U1, Angle in deg"
00:00:00,-151.624947,7.215440,-149.992189
00:15:00,0.000000,29.453398,-149.993899
00:30:00,0.000000,-6.728471,-149.993891
00:45:00,0.000000,-20.077384,-150.004861
01:00:00,0.000000,90.708466,-150.010814
01:15:00,0.000000,-4.193680,-150.001061
01:30:00,0.000000,177.531619,-150.000640
01:45:00,0.000000,-74.742681,-150.006396
02:00:00,0.000000,8.578104,-149.996392
02:15:00,0.000000,-135.344138,-150.004347
02:30:00,0.000000,127.476009,-150.010997
02:45:00,0.000000,-34.638576,-149.996338
03:00:00,0.000000,135.983338,-150.007062
03:15:00,0.000000,-146.457362,-150.006276
03:30:00,0.000000,137.753597,-150.010003
03:45:00,0.000000,174.235042,-150.000119
04:00:00,0.000000,46.281135,-150.008855
04:15:00,0.000000,157.057056,-150.006053
04:30:00,0.000000,-4.832570,-149.991935
04:45:00,0.000000,-150.772840,-150.004498
05:00:00,0.000000,-22.854389,-150.005655
05:15:00,0.000000,-147.045457,-150.008291
05:30:00,0.000000,-113.177083,-150.003568
05:45:00,0.000000,-20.323556,-150.009285
06:00:00,0.000000,-174.614990,-150.009354
06:15:00,-167.085761,4.347574,-149.993710
06:30:00,0.000000,2.570688,-149.990765
06:45:00,-169.669105,21.209054,-149.887579
07:00:00,-164.302500,55.171007,-150.006890
07:15:00,144.364318,-69.876181,-150.004111
07:30:00,74.562405,-157.481776,-150.047680
07:45:00,155.283117,117.808199,-150.057562
08:00:00,136.793880,0.397990,-149.974770
08:15:00,35.314867,1.503978,-149.900198
08:30:00,-154.536326,-66.778767,-149.966495
08:45:00,-58.381816,-4.572830,-149.999243
09:00:00,0.000000,13.044496,-149.996676
09:15:00,-173.681451,101.398738,-150.011392
09:30:00,0.000000,-16.250641,-150.004493
09:45:00,0.000000,51.585678,-150.002044
10:00:00,0.000000,-17.364762,-150.004069
10:15:00,0.000000,170.621934,-150.008396
10:30:00,0.000000,36.252160,-150.008734
10:45:00,0.000000,-42.376918,-149.998637
11:00:00,0.000000,79.755063,-150.007000
11:15:00,0.000000,-0.305778,-150.000331
11:30:00,0.000000,-149.609990,-150.010108
11:45:00,0.000000,7.262111,-150.002039
12:00:00,0.000000,154.807971,-150.011934
12:15:00,0.000000,131.398294,-150.007432
12:30:00,0.000000,178.190439,-150.000518
12:45:00,0.000000,-148.263269,-150.013172
13:00:00,0.000000,134.679499,-150.010493
13:15:00,0.000000,-84.239711,-150.009779
13:30:00,0.000000,24.921368,-150.004293
13:45:00,-20.484939,-92.850271,-150.010796
14:00:00,13.708651,27.427596,-149.981821
14:15:00,0.000000,16.948080,-149.984502
14:30:00,-153.274152,71.462117,-150.010125
14:45:00,0.000000,68.709471,-150.001757
15:00:00,169.508699,72.284737,-150.024247
15:15:00,160.693351,-144.123673,-150.038434
15:30:00,32.521605,-88.203827,-150.006011
15:45:00,0.000000,-25.196576,-150.002371
16:00:00,0.000000,30.436106,-150.008110
16:15:00,0.000000,51.099452,-150.000049
16:30:00,0.000000,117.835173,-150.010765
16:45:00,21.093077,48.899156,-149.846127
17:00:00,0.000000,50.565765,-149.848059
17:15:00,0.000000,50.768496,-149.832921
17:30:00,0.000000,51.009157,-149.841294
17:45:00,0.000000,50.062190,-149.833751
18:00:00,36.228400,-77.768399,-149.869488
18:15:00,17.182356,4.694777,-149.654869
18:30:00,80.994106,109.938182,-150.182368
18:45:00,22.853812,-162.316328,-150.509790
19:00:00,-62.295463,-159.124798,-150.507603
19:15:00,0.000000,-159.792228,-150.496974
19:30:00,96.878409,-159.925163,-150.517262
19:45:00,0.000000,-160.034317,-150.505922
20:00:00,-88.031824,-162.513976,-150.522592
20:15:00,0.000000,-161.532625,-150.514398
20:30:00,0.000000,-160.837972,-150.519012
20:45:00,0.000000,-159.544811,-150.516672
21:00:00,92.784730,-9.755842,-149.667323
21:15:00,-171.494557,-9.993823,-149.695464
21:30:00,82.824530,164.729236,-150.351087
21:45:00,0.000000,168.187183,-150.352689
22:00:00,85.191685,-13.531376,-149.692373
22:15:00,0.000000,-13.151211,-149.691528
22:30:00,0.000000,-11.042255,-149.673839
22:45:00,84.373363,170.851967,-150.134814
23:00:00,93.432103,30.981136,-149.766168
23:15:00,130.242241,-8.541293,-149.687067
23:30:00,78.748136,2.093563,-149.985751
23:45:00,121.840784,158.355745,-150.017400
