Quasi-Dynamic Simulation AC unbalanced,Terminal(4),Terminal(4),Terminal(4)
"Time","Reactive Power Balance (=0) in Mvar","Active Power Balance (=0) in MW","Unbalance Factor in %"
00:00:00,0.000042,0.000120,0.930590
00:15:00,0.000000,0.000001,0.871948
00:30:00,0.000000,0.000000,0.891629
00:45:00,0.000000,0.000000,0.868107
01:00:00,0.000000,0.000000,0.882405
01:15:00,0.000000,0.000000,0.884131
01:30:00,0.000000,0.000000,0.857334
01:45:00,0.000000,0.000000,0.853155
02:00:00,0.000151,0.000448,0.856005
02:15:00,0.000000,0.000001,0.909257
02:30:00,0.000000,0.000000,0.902034
02:45:00,0.000000,0.000000,0.904312
03:00:00,0.000000,0.000000,0.905827
03:15:00,0.000000,0.000000,0.918376
03:30:00,0.000000,0.000000,0.906014
03:45:00,0.000097,0.000281,0.432019
04:00:00,0.000010,0.000029,0.880391
04:15:00,0.000000,0.000000,0.859200
04:30:00,0.000000,0.000000,0.879033
04:45:00,0.000040,0.000116,0.000836
05:00:00,0.000000,0.000000,0.015700
05:15:00,0.000000,0.000000,0.009470
05:30:00,0.000000,0.000000,0.002228
05:45:00,0.000000,0.000000,0.008773
06:00:00,0.000000,0.000000,0.015977
06:15:00,0.000000,0.000001,0.089285
06:30:00,0.000000,0.000000,0.119603
06:45:00,0.000022,0.000062,0.675367
07:00:00,0.000022,0.000063,0.085997
07:15:00,0.000000,0.000001,0.051278
07:30:00,0.000001,0.000004,0.141478
07:45:00,0.000002,0.000006,0.246769
08:00:00,0.000005,0.000014,0.202081
08:15:00,0.000005,0.000016,0.128820
08:30:00,0.000008,0.000023,0.025056
08:45:00,0.000000,0.000001,0.092624
09:00:00,0.000000,0.000000,0.081912
09:15:00,0.000000,0.000001,0.026159
09:30:00,0.000000,0.000000,0.025069
09:45:00,0.000000,0.000000,0.024923
10:00:00,0.000000,0.000000,0.025049
10:15:00,0.000000,0.000000,0.004571
10:30:00,0.000000,0.000000,0.011588
10:45:00,0.000000,0.000000,0.024810
11:00:00,0.000000,0.000000,0.012430
11:15:00,0.000000,0.000000,0.038615
11:30:00,0.000000,0.000000,0.009278
11:45:00,0.000000,0.000000,0.018040
12:00:00,0.000000,0.000000,0.013226
12:15:00,0.000000,0.000000,0.006820
12:30:00,0.000000,0.000000,0.031149
12:45:00,0.000000,0.000000,0.037856
13:00:00,0.000000,0.000000,0.014081
13:15:00,0.000000,0.000000,0.007868
13:30:00,0.000000,0.000000,0.035470
13:45:00,0.000004,0.000010,0.107176
14:00:00,0.000001,0.000004,0.101871
14:15:00,0.000000,0.000000,0.144890
14:30:00,0.000001,0.000001,0.074111
14:45:00,0.000000,0.000000,0.039923
15:00:00,0.000001,0.000002,0.096165
15:15:00,0.000001,0.000004,0.133684
15:30:00,0.000001,0.000004,0.000591
15:45:00,0.000042,0.000119,0.872580
16:00:00,0.000004,0.000012,0.597162
16:15:00,0.000018,0.000054,0.006586
16:30:00,0.000000,0.000000,0.021787
16:45:00,0.000000,0.000000,0.017473
17:00:00,0.000041,0.000121,0.888265
17:15:00,0.000000,0.000000,0.874335
17:30:00,0.000176,0.000504,0.874328
17:45:00,0.000000,0.000001,0.887295
18:00:00,0.000170,0.000506,0.984230
18:15:00,0.000000,0.000001,0.895855
18:30:00,0.000000,0.000000,0.933746
18:45:00,0.000003,0.000008,0.975483
19:00:00,0.000068,0.000202,1.570952
19:15:00,0.000000,0.000000,1.545026
19:30:00,0.000000,0.000001,1.645681
19:45:00,0.000000,0.000000,1.648746
20:00:00,0.000000,0.000001,1.627502
20:15:00,0.000000,0.000000,1.632935
20:30:00,0.000000,0.000000,1.649644
20:45:00,0.000000,0.000000,1.639348
21:00:00,0.000001,0.000005,0.892675
21:15:00,0.000000,0.000001,0.836305
21:30:00,0.000082,0.000238,0.694383
21:45:00,0.000026,0.000076,0.025143
22:00:00,0.000000,0.000000,0.041562
22:15:00,0.000040,0.000115,0.840637
22:30:00,0.000037,0.000108,0.066125
22:45:00,0.000053,0.000156,0.910228
23:00:00,0.000168,0.000477,1.309881
23:15:00,0.000024,0.000073,0.884452
23:30:00,0.000145,0.000433,0.798002
23:45:00,0.000001,0.000003,0.916980
