Quasi-Dynamic Simulation AC unbalanced,Terminal(4),Terminal(4),Terminal(4)
"Time","U0, Angle in deg","U2, Angle in deg","U1, Angle in deg"
00:00:00,81.591662,-9.711565,-149.669501
00:15:00,110.968990,-10.472340,-149.671217
00:30:00,0.000000,-10.657138,-149.671198
00:45:00,0.000000,-11.069950,-149.682014
01:00:00,0.000000,-9.183184,-149.687931
01:15:00,0.000000,-10.634409,-149.678288
01:30:00,0.000000,-10.968384,-149.677947
01:45:00,0.000000,-11.823853,-149.683623
02:00:00,83.013217,168.129602,-150.330023
02:15:00,0.000000,168.942044,-150.338050
02:30:00,0.000000,167.744959,-150.344885
02:45:00,0.000000,169.245252,-150.329957
03:00:00,85.933763,-10.745565,-149.684277
03:15:00,0.000000,-11.454926,-149.683469
03:30:00,0.000000,-10.719344,-149.687182
03:45:00,0.000000,-11.073541,-149.677413
04:00:00,0.000000,-9.986167,-149.686019
04:15:00,0.000000,-10.801514,-149.683307
04:30:00,0.000000,-10.707922,-149.669333
04:45:00,0.000000,-11.188590,-149.681734
05:00:00,0.000000,-11.107966,-149.682885
05:15:00,0.000000,-11.328546,-149.685458
05:30:00,81.809499,-11.127843,-149.739841
05:45:00,83.286042,168.919709,-150.276214
06:00:00,77.845881,169.073730,-150.343205
06:15:00,-166.096825,167.064676,-150.327437
06:30:00,0.000000,166.670089,-150.324515
06:45:00,-171.979158,120.355519,-150.221912
07:00:00,-166.291504,163.349277,-150.341093
07:15:00,141.844074,171.774528,-150.338084
07:30:00,73.527804,173.330996,-150.382959
07:45:00,151.495244,158.006904,-150.393281
08:00:00,134.887361,165.470577,-150.308617
08:15:00,35.729116,166.802914,-150.234227
08:30:00,77.144187,-46.966189,-149.966518
08:45:00,-64.939331,-4.562886,-149.999242
09:00:00,0.000000,13.044441,-149.996676
09:15:00,-173.681472,101.398738,-150.011392
09:30:00,0.000000,-16.250641,-150.004493
09:45:00,0.000000,51.585678,-150.002044
10:00:00,0.000000,-17.364762,-150.004069
10:15:00,0.000000,170.621934,-150.008396
10:30:00,0.000000,36.252160,-150.008734
10:45:00,0.000000,-42.376918,-149.998637
11:00:00,0.000000,79.755063,-150.007000
11:15:00,0.000000,-0.305778,-150.000331
11:30:00,0.000000,-149.609990,-150.010108
11:45:00,0.000000,7.262111,-150.002039
12:00:00,0.000000,154.807971,-150.011934
12:15:00,0.000000,131.398294,-150.007432
12:30:00,0.000000,178.190439,-150.000518
12:45:00,0.000000,-148.263269,-150.013172
13:00:00,0.000000,134.679499,-150.010493
13:15:00,0.000000,-84.239711,-150.009779
13:30:00,0.000000,24.921368,-150.004293
13:45:00,-20.484938,-92.850271,-150.010796
14:00:00,13.708651,27.427596,-149.981821
14:15:00,0.000000,16.948080,-149.984502
14:30:00,-153.274151,71.462117,-150.010125
14:45:00,0.000000,68.709471,-150.001757
15:00:00,169.508699,72.284737,-150.024247
15:15:00,160.693351,-144.123673,-150.038434
15:30:00,32.521606,-88.203827,-150.006011
15:45:00,0.000000,-25.196577,-150.002371
16:00:00,0.000000,30.436106,-150.008110
16:15:00,0.000000,51.099452,-150.000049
16:30:00,0.000000,117.835173,-150.010765
16:45:00,0.000000,39.790903,-150.008820
17:00:00,0.000000,112.131353,-150.010801
17:15:00,0.000000,84.976344,-149.995620
17:30:00,0.000000,175.027828,-150.004034
17:45:00,0.000000,75.805517,-149.996508
18:00:00,62.439250,-152.165727,-150.032592
18:15:00,4.408891,125.691330,-150.025174
18:30:00,0.000000,-157.992571,-150.018691
18:45:00,0.000000,89.164264,-150.004376
19:00:00,0.000000,-22.166655,-150.001972
19:15:00,0.000000,2.438246,-149.991663
19:30:00,25.647131,-130.638473,-150.176955
19:45:00,0.000000,-131.148660,-150.165973
20:00:00,0.000000,-134.352707,-150.182441
20:15:00,0.000000,-132.984085,-150.174377
20:30:00,74.270693,-160.439190,-150.518784
20:45:00,0.000000,-159.543647,-150.516671
21:00:00,24.104380,166.865574,-150.323948
21:15:00,29.602716,-161.709582,-150.524355
21:30:00,0.000000,-163.168460,-150.522777
21:45:00,21.771191,177.175186,-150.387352
22:00:00,52.170765,47.680684,-150.349442
22:15:00,-100.583132,110.055373,-150.180418
22:30:00,141.819891,105.157790,-150.162306
22:45:00,-8.576831,-161.419529,-150.171099
23:00:00,4.987995,109.420317,-150.093125
23:15:00,79.378024,-8.268459,-149.687034
23:30:00,83.242285,166.351941,-150.319335
23:45:00,80.688019,166.246006,-150.017396
