Quasi-Dynamic Simulation AC unbalanced,Terminal(4),Terminal(4),Terminal(4)
"Time","Reactive Power Balance (=0) in Mvar","Active Power Balance (=0) in MW","Unbalance Factor in %"
00:00:00,0.000103,0.000297,0.954509
00:15:00,0.000000,0.000001,0.870102
00:30:00,0.000000,0.000000,0.912529
00:45:00,0.000000,0.000000,0.877814
01:00:00,0.000000,0.000000,0.856524
01:15:00,0.000000,0.000000,0.897731
01:30:00,0.000000,0.000000,0.854595
01:45:00,0.000000,0.000000,0.868757
02:00:00,0.000001,0.000003,0.878416
02:15:00,0.000000,0.000000,0.907905
02:30:00,0.000000,0.000000,0.924330
02:45:00,0.000000,0.000000,0.889665
03:00:00,0.000001,0.000004,0.858114
03:15:00,0.000000,0.000000,0.853588
03:30:00,0.000000,0.000000,0.856636
03:45:00,0.000000,0.000000,0.833935
04:00:00,0.000000,0.000000,0.871032
04:15:00,0.000000,0.000000,0.853641
04:30:00,0.000000,0.000000,0.890351
04:45:00,0.000000,0.000000,0.856860
05:00:00,0.000000,0.000000,0.876800
05:15:00,0.000000,0.000000,0.844922
05:30:00,0.000001,0.000003,0.906139
05:45:00,0.000000,0.000000,0.897246
06:00:00,0.000000,0.000000,0.922064
06:15:00,0.000000,0.000001,0.819179
06:30:00,0.000000,0.000000,0.788788
06:45:00,0.000023,0.000064,0.500298
07:00:00,0.000023,0.000064,0.875758
07:15:00,0.000001,0.000001,0.881613
07:30:00,0.000001,0.000004,1.034398
07:45:00,0.000104,0.000308,0.236267
08:00:00,0.000004,0.000012,0.201850
08:15:00,0.000005,0.000016,0.128814
08:30:00,0.000008,0.000023,0.025056
08:45:00,0.000000,0.000001,0.092624
09:00:00,0.000000,0.000000,0.081912
09:15:00,0.000000,0.000001,0.026159
09:30:00,0.000000,0.000000,0.025069
09:45:00,0.000000,0.000000,0.024923
10:00:00,0.000000,0.000000,0.025049
10:15:00,0.000000,0.000000,0.004571
10:30:00,0.000000,0.000000,0.011588
10:45:00,0.000000,0.000000,0.024810
11:00:00,0.000000,0.000000,0.012430
11:15:00,0.000000,0.000000,0.038615
11:30:00,0.000000,0.000000,0.009278
11:45:00,0.000000,0.000000,0.018040
12:00:00,0.000000,0.000000,0.013226
12:15:00,0.000000,0.000000,0.006820
12:30:00,0.000000,0.000000,0.031149
12:45:00,0.000000,0.000000,0.037856
13:00:00,0.000000,0.000000,0.014081
13:15:00,0.000000,0.000000,0.007868
13:30:00,0.000000,0.000000,0.035470
13:45:00,0.000004,0.000010,0.107176
14:00:00,0.000001,0.000004,0.101871
14:15:00,0.000000,0.000000,0.144890
14:30:00,0.000001,0.000001,0.074111
14:45:00,0.000000,0.000000,0.039923
15:00:00,0.000001,0.000002,0.096165
15:15:00,0.000001,0.000004,0.133684
15:30:00,0.000001,0.000004,0.000591
15:45:00,0.000000,0.000000,0.013372
16:00:00,0.000000,0.000000,0.007212
16:15:00,0.000000,0.000000,0.003235
16:30:00,0.000000,0.000000,0.021787
16:45:00,0.000000,0.000000,0.017473
17:00:00,0.000000,0.000000,0.022625
17:15:00,0.000000,0.000000,0.039997
17:30:00,0.000000,0.000000,0.032693
17:45:00,0.000000,0.000000,0.027207
18:00:00,0.000001,0.000002,0.110100
18:15:00,0.000000,0.000001,0.062319
18:30:00,0.000000,0.000000,0.026746
18:45:00,0.000000,0.000000,0.040737
19:00:00,0.000000,0.000001,0.061999
19:15:00,0.000000,0.000000,0.079536
19:30:00,0.000000,0.000001,0.026798
19:45:00,0.000000,0.000000,0.027726
20:00:00,0.000038,0.000112,0.880519
20:15:00,0.000000,0.000000,0.904209
20:30:00,0.000103,0.000304,1.637603
20:45:00,0.000000,0.000001,1.639290
21:00:00,0.000000,0.000001,1.538816
21:15:00,0.000000,0.000001,1.643168
21:30:00,0.000000,0.000000,1.611838
21:45:00,0.000000,0.000000,1.641688
22:00:00,0.000000,0.000001,0.789965
22:15:00,0.000155,0.000470,1.361768
22:30:00,0.000001,0.000004,0.893245
22:45:00,0.000002,0.000007,0.860195
23:00:00,0.000049,0.000144,1.565936
23:15:00,0.000024,0.000073,1.453806
23:30:00,0.000002,0.000006,0.793154
23:45:00,0.000001,0.000002,0.934425
