Quasi-Dynamic Simulation AC unbalanced,Terminal(4),Terminal(4),Terminal(4)
"Time","Reactive Power Balance (=0) in Mvar","Active Power Balance (=0) in MW","Unbalance Factor in %"
00:00:00,0.000019,0.000055,0.561681
00:15:00,0.000000,0.000000,0.580401
00:30:00,0.000017,0.000049,0.525667
00:45:00,0.000042,0.000123,0.597813
01:00:00,0.000028,0.000082,0.604185
01:15:00,0.000000,0.000000,0.561799
01:30:00,0.000017,0.000051,0.584140
01:45:00,0.000045,0.000132,0.589988
02:00:00,0.000000,0.000001,0.516121
02:15:00,0.000000,0.000001,0.569300
02:30:00,0.000017,0.000050,0.026567
02:45:00,0.000000,0.000000,0.017739
03:00:00,0.000016,0.000047,0.570792
03:15:00,0.000000,0.000000,0.572877
03:30:00,0.000000,0.000000,0.574364
03:45:00,0.000000,0.000000,0.551961
04:00:00,0.000025,0.000073,0.587064
04:15:00,0.000018,0.000053,0.593419
04:30:00,0.000000,0.000000,0.583229
04:45:00,0.000000,0.000001,0.647136
05:00:00,0.000000,0.000001,0.668659
05:15:00,0.000000,0.000000,0.711972
05:30:00,0.000000,0.000000,0.733516
05:45:00,0.000000,0.000001,0.764574
06:00:00,0.000120,0.000348,0.547754
06:15:00,0.000022,0.000065,0.361232
06:30:00,0.000013,0.000036,0.307972
06:45:00,0.000007,0.000022,0.474393
07:00:00,0.000009,0.000027,0.557390
07:15:00,0.000031,0.000090,0.634039
07:30:00,0.000001,0.000002,0.741992
07:45:00,0.000041,0.000120,0.240585
08:00:00,0.000005,0.000013,0.201980
08:15:00,0.000005,0.000016,0.128817
08:30:00,0.000008,0.000023,0.025056
08:45:00,0.000000,0.000001,0.092624
09:00:00,0.000000,0.000000,0.081912
09:15:00,0.000000,0.000001,0.026159
09:30:00,0.000000,0.000000,0.025069
09:45:00,0.000000,0.000000,0.024923
10:00:00,0.000000,0.000000,0.025049
10:15:00,0.000000,0.000000,0.004571
10:30:00,0.000000,0.000000,0.011588
10:45:00,0.000000,0.000000,0.024810
11:00:00,0.000000,0.000000,0.012430
11:15:00,0.000000,0.000000,0.038615
11:30:00,0.000000,0.000000,0.009278
11:45:00,0.000000,0.000000,0.018040
12:00:00,0.000000,0.000000,0.013226
12:15:00,0.000000,0.000000,0.006820
12:30:00,0.000000,0.000000,0.031149
12:45:00,0.000000,0.000000,0.037856
13:00:00,0.000000,0.000000,0.014081
13:15:00,0.000000,0.000000,0.007868
13:30:00,0.000000,0.000000,0.035470
13:45:00,0.000004,0.000010,0.107176
14:00:00,0.000001,0.000004,0.101871
14:15:00,0.000000,0.000000,0.144890
14:30:00,0.000001,0.000001,0.074111
14:45:00,0.000000,0.000000,0.039923
15:00:00,0.000001,0.000002,0.096165
15:15:00,0.000001,0.000004,0.133684
15:30:00,0.000001,0.000004,0.000591
15:45:00,0.000000,0.000000,0.013372
16:00:00,0.000000,0.000000,0.007212
16:15:00,0.000000,0.000000,0.003235
16:30:00,0.000000,0.000000,0.021787
16:45:00,0.000000,0.000000,0.017473
17:00:00,0.000000,0.000000,0.022625
17:15:00,0.000000,0.000000,0.039997
17:30:00,0.000000,0.000000,0.032693
17:45:00,0.000000,0.000000,0.027207
18:00:00,0.000001,0.000002,0.110100
18:15:00,0.000000,0.000001,0.062319
18:30:00,0.000000,0.000000,0.026746
18:45:00,0.000000,0.000000,0.040737
19:00:00,0.000000,0.000001,0.061999
19:15:00,0.000000,0.000000,0.079536
19:30:00,0.000000,0.000001,0.026798
19:45:00,0.000000,0.000000,0.027726
20:00:00,0.000022,0.000064,0.625921
20:15:00,0.000000,0.000000,0.571829
20:30:00,0.000020,0.000058,0.558009
20:45:00,0.000000,0.000001,0.585754
21:00:00,0.000014,0.000040,0.891032
21:15:00,0.000000,0.000001,0.836310
21:30:00,0.000045,0.000130,0.076907
21:45:00,0.000028,0.000082,0.741518
22:00:00,0.000079,0.000233,0.569647
22:15:00,0.000015,0.000044,0.034446
22:30:00,0.000015,0.000045,0.771851
22:45:00,0.000003,0.000010,0.806447
23:00:00,0.000000,0.000001,1.355892
23:15:00,0.000001,0.000005,0.819024
23:30:00,0.000035,0.000102,0.114409
23:45:00,0.000001,0.000002,0.027544
