Quasi-Dynamic Simulation AC unbalanced,Terminal(4),Terminal(4),Terminal(4)
"Time","Reactive Power Balance (=0) in Mvar","Active Power Balance (=0) in MW","Unbalance Factor in %"
00:00:00,0.000000,0.000001,0.081885
00:15:00,0.000000,0.000000,0.010442
00:30:00,0.000016,0.000049,0.549186
00:45:00,0.000024,0.000071,0.591371
01:00:00,0.000019,0.000054,0.029707
01:15:00,0.000000,0.000000,0.036734
01:30:00,0.000015,0.000044,0.565676
01:45:00,0.000000,0.000000,0.583344
02:00:00,0.000017,0.000049,0.026431
02:15:00,0.000000,0.000000,0.003166
02:30:00,0.000017,0.000050,0.581179
02:45:00,0.000000,0.000000,0.544863
03:00:00,0.000063,0.000187,0.562140
03:15:00,0.000000,0.000000,0.572857
03:30:00,0.000000,0.000000,0.575758
03:45:00,0.000000,0.000000,0.551961
04:00:00,0.000017,0.000049,0.016989
04:15:00,0.000018,0.000052,0.587377
04:30:00,0.000000,0.000001,0.624841
04:45:00,0.000000,0.000000,0.648456
05:00:00,0.000000,0.000000,0.679498
05:15:00,0.000000,0.000000,0.714430
05:30:00,0.000027,0.000080,0.003692
05:45:00,0.000000,0.000000,0.008772
06:00:00,0.000000,0.000000,0.015977
06:15:00,0.000000,0.000001,0.089285
06:30:00,0.000000,0.000000,0.119603
06:45:00,0.000022,0.000062,0.675367
07:00:00,0.000022,0.000063,0.085997
07:15:00,0.000000,0.000001,0.051278
07:30:00,0.000001,0.000004,0.141478
07:45:00,0.000002,0.000006,0.246769
08:00:00,0.000005,0.000014,0.202081
08:15:00,0.000005,0.000016,0.128820
08:30:00,0.000008,0.000023,0.025056
08:45:00,0.000000,0.000001,0.092624
09:00:00,0.000000,0.000000,0.081912
09:15:00,0.000000,0.000001,0.026159
09:30:00,0.000000,0.000000,0.025069
09:45:00,0.000000,0.000000,0.024923
10:00:00,0.000000,0.000000,0.025049
10:15:00,0.000000,0.000000,0.004571
10:30:00,0.000000,0.000000,0.011588
10:45:00,0.000000,0.000000,0.024810
11:00:00,0.000000,0.000000,0.012430
11:15:00,0.000000,0.000000,0.038615
11:30:00,0.000000,0.000000,0.009278
11:45:00,0.000000,0.000000,0.018040
12:00:00,0.000000,0.000000,0.013226
12:15:00,0.000000,0.000000,0.006820
12:30:00,0.000000,0.000000,0.031149
12:45:00,0.000000,0.000000,0.037856
13:00:00,0.000000,0.000000,0.014081
13:15:00,0.000000,0.000000,0.007868
13:30:00,0.000000,0.000000,0.035470
13:45:00,0.000004,0.000010,0.107176
14:00:00,0.000001,0.000004,0.101871
14:15:00,0.000000,0.000000,0.144890
14:30:00,0.000001,0.000001,0.074111
14:45:00,0.000000,0.000000,0.039923
15:00:00,0.000001,0.000002,0.096165
15:15:00,0.000001,0.000004,0.133684
15:30:00,0.000001,0.000004,0.000591
15:45:00,0.000000,0.000000,0.013372
16:00:00,0.000000,0.000000,0.007212
16:15:00,0.000000,0.000000,0.003235
16:30:00,0.000000,0.000000,0.021787
16:45:00,0.000000,0.000000,0.017473
17:00:00,0.000000,0.000000,0.022625
17:15:00,0.000000,0.000000,0.039997
17:30:00,0.000000,0.000000,0.032693
17:45:00,0.000000,0.000000,0.027207
18:00:00,0.000001,0.000002,0.110100
18:15:00,0.000009,0.000025,0.485343
18:30:00,0.000024,0.000069,1.138838
18:45:00,0.000080,0.000235,0.618316
19:00:00,0.000041,0.000123,0.863175
19:15:00,0.000039,0.000116,0.822234
19:30:00,0.000046,0.000131,1.783729
19:45:00,0.000016,0.000046,1.437053
20:00:00,0.000000,0.000001,0.561965
20:15:00,0.000000,0.000000,0.549828
20:30:00,0.000042,0.000123,0.020548
20:45:00,0.000000,0.000001,0.032692
21:00:00,0.000000,0.000001,0.086339
21:15:00,0.000016,0.000046,0.532484
21:30:00,0.000016,0.000047,0.068323
21:45:00,0.000013,0.000039,0.513385
22:00:00,0.000015,0.000044,0.039198
22:15:00,0.000000,0.000000,0.035616
22:30:00,0.000013,0.000039,0.518844
22:45:00,0.000054,0.000156,0.534813
23:00:00,0.000045,0.000135,0.608904
23:15:00,0.000026,0.000077,0.041360
23:30:00,0.000001,0.000001,0.115577
23:45:00,0.000001,0.000002,0.027577
