Quasi-Dynamic Simulation AC unbalanced,Terminal(4),Terminal(4),Terminal(4)
"Time","Reactive Power Balance (=0) in Mvar","Active Power Balance (=0) in MW","Unbalance Factor in %"
00:00:00,0.000000,0.000001,0.081885
00:15:00,0.000000,0.000000,0.010442
00:30:00,0.000000,0.000000,0.051499
00:45:00,0.000000,0.000000,0.016251
01:00:00,0.000000,0.000000,0.027719
01:15:00,0.000000,0.000000,0.036738
01:30:00,0.000000,0.000000,0.007629
01:45:00,0.000000,0.000000,0.016017
02:00:00,0.000000,0.000000,0.028702
02:15:00,0.000000,0.000000,0.003168
02:30:00,0.000000,0.000000,0.023495
02:45:00,0.000000,0.000000,0.017741
03:00:00,0.000000,0.000000,0.005009
03:15:00,0.000000,0.000000,0.012056
03:30:00,0.000000,0.000000,0.005955
03:45:00,0.000000,0.000000,0.028935
04:00:00,0.000000,0.000000,0.017494
04:15:00,0.000000,0.000000,0.008353
04:30:00,0.000000,0.000000,0.029170
04:45:00,0.000000,0.000000,0.006696
05:00:00,0.000000,0.000000,0.015701
05:15:00,0.000000,0.000000,0.009470
05:30:00,0.000000,0.000000,0.002228
05:45:00,0.000000,0.000000,0.008773
06:00:00,0.000000,0.000000,0.015977
06:15:00,0.000000,0.000001,0.089285
06:30:00,0.000000,0.000000,0.119603
06:45:00,0.000022,0.000062,0.675367
07:00:00,0.000022,0.000063,0.085997
07:15:00,0.000000,0.000001,0.051278
07:30:00,0.000001,0.000004,0.141478
07:45:00,0.000002,0.000006,0.246769
08:00:00,0.000005,0.000014,0.202081
08:15:00,0.000005,0.000016,0.128820
08:30:00,0.000008,0.000023,0.025056
08:45:00,0.000000,0.000001,0.092624
09:00:00,0.000000,0.000000,0.081912
09:15:00,0.000000,0.000001,0.026159
09:30:00,0.000000,0.000000,0.025069
09:45:00,0.000000,0.000000,0.024923
10:00:00,0.000000,0.000000,0.025049
10:15:00,0.000000,0.000000,0.004571
10:30:00,0.000000,0.000000,0.011588
10:45:00,0.000000,0.000000,0.024810
11:00:00,0.000000,0.000000,0.012430
11:15:00,0.000000,0.000000,0.038615
11:30:00,0.000000,0.000000,0.009278
11:45:00,0.000000,0.000000,0.018040
12:00:00,0.000000,0.000000,0.013226
12:15:00,0.000000,0.000000,0.006820
12:30:00,0.000000,0.000000,0.031149
12:45:00,0.000000,0.000000,0.037856
13:00:00,0.000000,0.000000,0.014081
13:15:00,0.000000,0.000000,0.007868
13:30:00,0.000000,0.000000,0.035470
13:45:00,0.000004,0.000010,0.107176
14:00:00,0.000001,0.000004,0.101871
14:15:00,0.000000,0.000000,0.144890
14:30:00,0.000001,0.000001,0.074111
14:45:00,0.000000,0.000000,0.039923
15:00:00,0.000001,0.000002,0.096165
15:15:00,0.000001,0.000004,0.133684
15:30:00,0.000001,0.000004,0.000591
15:45:00,0.000000,0.000000,0.013372
16:00:00,0.000000,0.000000,0.007212
16:15:00,0.000000,0.000000,0.003235
16:30:00,0.000000,0.000000,0.021787
16:45:00,0.000000,0.000000,0.017473
17:00:00,0.000016,0.000048,0.561489
17:15:00,0.000016,0.000047,0.041684
17:30:00,0.000016,0.000048,0.548604
17:45:00,0.000016,0.000046,0.028465
18:00:00,0.000108,0.000325,0.083758
18:15:00,0.000031,0.000089,0.658821
18:30:00,0.000033,0.000098,0.626926
18:45:00,0.000034,0.000096,0.654887
19:00:00,0.000000,0.000001,0.019277
19:15:00,0.000031,0.000091,0.498034
19:30:00,0.000020,0.000058,0.378425
19:45:00,0.000015,0.000045,0.028581
20:00:00,0.000048,0.000139,0.568602
20:15:00,0.000000,0.000000,0.563237
20:30:00,0.000000,0.000000,0.557176
20:45:00,0.000000,0.000001,0.585751
21:00:00,0.000097,0.000291,0.549946
21:15:00,0.000022,0.000064,0.571051
21:30:00,0.000028,0.000083,0.644876
21:45:00,0.000029,0.000083,0.575049
22:00:00,0.000000,0.000000,0.572748
22:15:00,0.000044,0.000128,0.573830
22:30:00,0.000000,0.000000,0.519195
22:45:00,0.000003,0.000008,0.584635
23:00:00,0.000031,0.000091,0.635853
23:15:00,0.000030,0.000088,0.562165
23:30:00,0.000015,0.000044,0.113390
23:45:00,0.000001,0.000002,0.027571
