Quasi-Dynamic Simulation AC unbalanced,Terminal(4),Terminal(4),Terminal(4)
"Time","U0, Angle in deg","U2, Angle in deg","U1, Angle in deg"
00:00:00,144.587206,100.606155,-150.097925
00:15:00,0.000000,107.693260,-150.100037
00:30:00,17.617423,168.149709,-150.208034
00:45:00,78.710389,-11.725002,-150.110487
01:00:00,137.133153,107.882977,-150.116871
01:15:00,0.000000,105.236152,-150.106700
01:30:00,25.632581,168.749805,-150.214550
01:45:00,79.758363,-12.910289,-150.112201
02:00:00,-155.393413,-68.635297,-149.893327
02:15:00,-73.664135,169.393177,-149.900536
02:30:00,-100.170092,5.134256,-149.982673
02:45:00,34.677632,-34.466397,-149.996338
03:00:00,-97.689653,-10.909306,-150.113269
03:15:00,0.000000,-12.145211,-150.113101
03:30:00,0.000000,-10.992754,-150.116511
03:45:00,0.000000,-11.560336,-150.106841
04:00:00,-141.136528,107.195122,-150.115150
04:15:00,22.686220,168.424425,-150.223258
04:30:00,0.000000,168.495067,-150.218048
04:45:00,97.997878,169.203126,-150.241510
05:00:00,0.000000,169.087354,-150.258233
05:15:00,0.000000,169.350126,-150.268459
05:30:00,0.000000,168.966542,-150.273989
05:45:00,0.000000,168.901894,-150.294567
06:00:00,80.881824,-124.310762,-150.009353
06:15:00,-131.298177,4.337533,-149.993710
06:30:00,-98.760853,165.807793,-149.877342
06:45:00,-146.241867,88.299333,-150.118804
07:00:00,131.647543,-62.843154,-149.908710
07:15:00,22.044183,174.080241,-149.904978
07:30:00,-37.230688,-83.308217,-149.928565
07:45:00,155.870895,-77.012880,-149.944451
08:00:00,-36.971744,163.787282,-149.856292
08:15:00,8.728334,165.824610,-149.792398
08:30:00,-29.934284,-63.237141,-149.966495
08:45:00,-51.441528,-4.571956,-149.999243
09:00:00,0.000000,13.044494,-149.996676
09:15:00,-173.681478,101.398738,-150.011392
09:30:00,0.000000,-16.250641,-150.004493
09:45:00,0.000000,51.585678,-150.002044
10:00:00,0.000000,-17.364762,-150.004069
10:15:00,0.000000,170.621934,-150.008396
10:30:00,0.000000,36.252160,-150.008734
10:45:00,0.000000,-42.376918,-149.998637
11:00:00,0.000000,79.755063,-150.007000
11:15:00,0.000000,-0.305778,-150.000331
11:30:00,0.000000,-149.609990,-150.010108
11:45:00,0.000000,7.262111,-150.002039
12:00:00,0.000000,154.807971,-150.011934
12:15:00,0.000000,131.398294,-150.007432
12:30:00,0.000000,178.190439,-150.000518
12:45:00,0.000000,-148.263269,-150.013172
13:00:00,0.000000,134.679499,-150.010493
13:15:00,0.000000,-84.239711,-150.009779
13:30:00,0.000000,24.921368,-150.004293
13:45:00,-20.484939,-92.850271,-150.010796
14:00:00,13.708651,27.427596,-149.981821
14:15:00,0.000000,16.948080,-149.984502
14:30:00,-153.274151,71.462117,-150.010125
14:45:00,0.000000,68.709471,-150.001757
15:00:00,169.508699,72.284737,-150.024247
15:15:00,160.693351,-144.123673,-150.038434
15:30:00,32.521606,-88.203827,-150.006011
15:45:00,0.000000,-25.196576,-150.002371
16:00:00,0.000000,30.436106,-150.008110
16:15:00,0.000000,51.099452,-150.000049
16:30:00,0.000000,117.835173,-150.010765
16:45:00,0.000000,39.790903,-150.008820
17:00:00,0.000000,112.131353,-150.010801
17:15:00,0.000000,84.976344,-149.995620
17:30:00,0.000000,175.027828,-150.004034
17:45:00,0.000000,75.805517,-149.996508
18:00:00,62.439250,-152.165727,-150.032592
18:15:00,4.408892,125.691330,-150.025174
18:30:00,0.000000,-157.992571,-150.018691
18:45:00,0.000000,89.164264,-150.004376
19:00:00,0.000000,-22.166655,-150.001972
19:15:00,0.000000,2.438246,-149.991663
19:30:00,-91.430766,-13.814189,-150.116276
19:45:00,-120.326840,-130.862676,-150.085933
20:00:00,14.340586,52.981453,-149.904050
20:15:00,-47.024310,51.597643,-149.902262
20:30:00,149.961760,-73.368660,-149.905878
20:45:00,87.684344,172.510809,-149.906151
21:00:00,115.337490,-65.232508,-149.835902
21:15:00,28.875358,-10.374324,-149.776827
21:30:00,-96.260788,-6.789538,-149.693858
21:45:00,90.230778,-160.992690,-150.018543
22:00:00,-108.451253,-13.280953,-150.242794
22:15:00,-80.045407,-158.668372,-150.190086
22:30:00,66.706173,-11.589120,-150.054981
22:45:00,-129.328702,-14.068338,-149.772437
23:00:00,127.221784,110.293157,-150.093118
23:15:00,52.927125,164.295163,-150.199938
23:30:00,105.840492,-58.768653,-149.892364
23:45:00,125.408579,163.949892,-150.017399
