Quasi-Dynamic Simulation AC unbalanced,Terminal(4),Terminal(4),Terminal(4)
"Time","U0, Angle in deg","U2, Angle in deg","U1, Angle in deg"
00:00:00,-151.624947,7.215440,-149.992189
00:15:00,0.000000,29.453398,-149.993899
00:30:00,0.000000,-6.728471,-149.993891
00:45:00,0.000000,-20.077384,-150.004861
01:00:00,0.000000,90.708466,-150.010814
01:15:00,0.000000,-4.193680,-150.001061
01:30:00,0.000000,177.531619,-150.000640
01:45:00,0.000000,-74.742681,-150.006396
02:00:00,0.000000,8.578104,-149.996392
02:15:00,0.000000,-135.344138,-150.004347
02:30:00,0.000000,127.476009,-150.010997
02:45:00,0.000000,-34.638576,-149.996338
03:00:00,0.000000,135.983338,-150.007062
03:15:00,0.000000,-146.457362,-150.006276
03:30:00,0.000000,137.753597,-150.010003
03:45:00,0.000000,174.235042,-150.000119
04:00:00,0.000000,46.281135,-150.008855
04:15:00,0.000000,157.057056,-150.006053
04:30:00,0.000000,-4.832570,-149.991935
04:45:00,0.000000,-150.772840,-150.004498
05:00:00,0.000000,-22.854389,-150.005655
05:15:00,0.000000,-147.045457,-150.008291
05:30:00,0.000000,-113.177083,-150.003568
05:45:00,0.000000,-20.323556,-150.009285
06:00:00,0.000000,-174.614990,-150.009354
06:15:00,-167.085761,4.347574,-149.993710
06:30:00,0.000000,2.570688,-149.990765
06:45:00,-169.669105,21.209054,-149.887579
07:00:00,-164.302500,55.171007,-150.006890
07:15:00,144.364318,-69.876181,-150.004111
07:30:00,74.562405,-157.481776,-150.047680
07:45:00,155.283117,117.808199,-150.057562
08:00:00,136.793880,0.397990,-149.974770
08:15:00,35.314867,1.503978,-149.900198
08:30:00,-154.536326,-66.778767,-149.966495
08:45:00,-58.381816,-4.572830,-149.999243
09:00:00,0.000000,13.044496,-149.996676
09:15:00,-173.681451,101.398738,-150.011392
09:30:00,0.000000,-16.250641,-150.004493
09:45:00,0.000000,51.585678,-150.002044
10:00:00,0.000000,-17.364762,-150.004069
10:15:00,0.000000,170.621934,-150.008396
10:30:00,0.000000,36.252160,-150.008734
10:45:00,0.000000,-42.376918,-149.998637
11:00:00,0.000000,79.755063,-150.007000
11:15:00,0.000000,-0.305778,-150.000331
11:30:00,0.000000,-149.609990,-150.010108
11:45:00,0.000000,7.262111,-150.002039
12:00:00,0.000000,154.807971,-150.011934
12:15:00,0.000000,131.398294,-150.007432
12:30:00,0.000000,178.190439,-150.000518
12:45:00,0.000000,-148.263269,-150.013172
13:00:00,0.000000,134.679499,-150.010493
13:15:00,0.000000,-84.239711,-150.009779
13:30:00,0.000000,24.921368,-150.004293
13:45:00,-20.484939,-92.850271,-150.010796
14:00:00,13.708651,27.427596,-149.981821
14:15:00,0.000000,16.948080,-149.984502
14:30:00,-153.274152,71.462117,-150.010125
14:45:00,0.000000,68.709471,-150.001757
15:00:00,169.508699,72.284737,-150.024247
15:15:00,160.693351,-144.123673,-150.038434
15:30:00,32.521605,-88.203827,-150.006011
15:45:00,0.000000,-25.196576,-150.002371
16:00:00,0.000000,30.436106,-150.008110
16:15:00,0.000000,51.099452,-150.000049
16:30:00,0.000000,117.835173,-150.010765
16:45:00,0.000000,39.790903,-150.008820
17:00:00,0.000000,112.131353,-150.010801
17:15:00,0.000000,84.976344,-149.995620
17:30:00,0.000000,175.027828,-150.004034
17:45:00,0.000000,75.805517,-149.996508
18:00:00,62.439250,-152.165727,-150.032592
18:15:00,-107.621086,-6.840521,-150.136014
18:30:00,11.520582,-72.053807,-150.249640
18:45:00,19.553847,-7.330322,-150.118596
19:00:00,74.516218,-42.295627,-150.342774
19:15:00,-95.428710,165.589454,-150.214211
19:30:00,-27.069429,-73.036462,-150.241772
19:45:00,0.000000,-74.196301,-150.228716
20:00:00,-38.782530,111.297808,-150.016845
20:15:00,67.703672,10.918055,-149.828786
20:30:00,59.118380,-166.061628,-150.013369
20:45:00,-76.264712,-91.139241,-150.010761
21:00:00,113.500130,1.974412,-149.990197
21:15:00,-92.505426,-9.759302,-150.129106
21:30:00,-94.963177,102.537976,-150.016958
21:45:00,-94.272443,-10.278306,-150.129000
22:00:00,0.000000,-15.387068,-150.121961
22:15:00,21.423910,-129.641237,-150.121010
22:30:00,0.000000,-125.643573,-150.103446
22:45:00,-6.011650,-128.693486,-150.009465
23:00:00,-110.125556,110.274718,-150.093130
23:15:00,128.294907,106.910101,-150.010109
23:30:00,166.499350,5.249067,-149.985744
23:45:00,158.623141,158.405607,-150.017400
