Quasi-Dynamic Simulation AC unbalanced,Terminal(4),Terminal(4),Terminal(4)
"Time","U0, Angle in deg","U2, Angle in deg","U1, Angle in deg"
00:00:00,144.587206,100.606155,-150.097925
00:15:00,0.000000,107.693260,-150.100037
00:30:00,17.617423,168.149709,-150.208034
00:45:00,78.710389,-11.725002,-150.110487
01:00:00,137.133153,107.882977,-150.116871
01:15:00,0.000000,105.236152,-150.106700
01:30:00,25.632581,168.749805,-150.214550
01:45:00,79.758363,-12.910289,-150.112201
02:00:00,-95.995301,13.257189,-149.996392
02:15:00,79.099932,169.308528,-150.216998
02:30:00,78.043179,119.137920,-150.010996
02:45:00,-101.445339,169.904030,-149.908115
03:00:00,-97.982364,-10.642802,-150.113253
03:15:00,0.000000,-12.144642,-150.113101
03:30:00,0.000000,-10.992754,-150.116511
03:45:00,0.000000,-11.560336,-150.106841
04:00:00,-141.136528,107.195122,-150.115150
04:15:00,22.686220,168.424425,-150.223258
04:30:00,0.000000,168.495067,-150.218048
04:45:00,97.997879,169.203126,-150.241510
05:00:00,0.000000,169.087354,-150.258233
05:15:00,0.000000,169.350126,-150.268459
05:30:00,0.000000,168.966542,-150.273989
05:45:00,0.000000,168.901894,-150.294567
06:00:00,81.152896,-13.035265,-149.882682
06:15:00,-37.462488,-61.770298,-149.896399
06:30:00,105.494782,167.638480,-150.284195
06:45:00,92.164879,16.717330,-149.904611
07:00:00,-154.306769,16.817836,-149.964056
07:15:00,38.397635,-69.517871,-150.004111
07:30:00,103.299928,161.750388,-150.069234
07:45:00,7.912620,117.759159,-150.057562
08:00:00,-121.629684,164.026903,-149.856295
08:15:00,4.050104,165.829576,-149.792398
08:30:00,82.526162,-70.284710,-149.861952
08:45:00,179.667121,167.996121,-149.890981
09:00:00,0.000000,165.506165,-149.885235
09:15:00,-3.144163,-70.482405,-149.906935
09:30:00,-13.969381,169.359686,-149.899511
09:45:00,0.000000,166.856951,-149.895615
10:00:00,-95.943142,-15.000581,-150.004070
10:15:00,79.795977,169.087610,-150.273960
10:30:00,79.402477,5.609091,-150.008733
10:45:00,0.000000,-42.367539,-149.998637
11:00:00,0.000000,79.755059,-150.007000
11:15:00,0.000000,-0.305778,-150.000331
11:30:00,0.000000,-149.609989,-150.010108
11:45:00,0.000000,7.262111,-150.002039
12:00:00,0.000000,154.807971,-150.011934
12:15:00,0.000000,131.398294,-150.007432
12:30:00,0.000000,178.190439,-150.000518
12:45:00,0.000000,-148.263269,-150.013172
13:00:00,0.000000,134.679499,-150.010493
13:15:00,0.000000,-84.239711,-150.009779
13:30:00,0.000000,24.921368,-150.004293
13:45:00,-20.484939,-92.850271,-150.010796
14:00:00,13.708651,27.427596,-149.981821
14:15:00,0.000000,16.948080,-149.984502
14:30:00,-153.274151,71.462117,-150.010125
14:45:00,0.000000,68.709471,-150.001757
15:00:00,169.508699,72.284737,-150.024247
15:15:00,160.693351,-144.123673,-150.038434
15:30:00,32.521606,-88.203826,-150.006011
15:45:00,0.000000,-25.196576,-150.002371
16:00:00,0.000000,30.436106,-150.008110
16:15:00,0.000000,51.099452,-150.000049
16:30:00,0.000000,117.835173,-150.010765
16:45:00,0.000000,39.790903,-150.008820
17:00:00,0.000000,112.131353,-150.010801
17:15:00,0.000000,84.976344,-149.995620
17:30:00,-92.983223,-11.495974,-150.111360
17:45:00,-93.455120,81.308171,-149.996509
18:00:00,-63.604117,-38.144488,-150.341062
18:15:00,66.773035,-7.010222,-150.136005
18:30:00,-146.810584,-111.219673,-150.058389
18:45:00,-150.968841,-7.425752,-150.110059
19:00:00,-136.135550,-126.203809,-149.777005
19:15:00,179.147196,110.426141,-149.790703
19:30:00,138.916902,-126.446307,-149.794141
19:45:00,0.000000,-127.705822,-149.781799
20:00:00,5.237453,-7.054992,-149.792494
20:15:00,0.000000,-9.430792,-149.796814
20:30:00,20.684334,-73.054276,-149.906303
20:45:00,-76.409417,-71.917503,-149.899237
21:00:00,-162.067833,-9.872813,-150.088864
21:15:00,113.330268,-9.894006,-150.129113
21:30:00,-60.500331,-4.113948,-149.816090
21:45:00,0.000000,-10.075218,-149.807480
22:00:00,76.502510,173.870063,-150.225313
22:15:00,79.629544,-94.502916,-150.014758
22:30:00,0.000000,6.001835,-150.000656
22:45:00,98.562466,-13.197521,-149.702230
23:00:00,118.965538,110.122638,-150.093106
23:15:00,134.007182,107.406743,-150.010109
23:30:00,163.908168,5.248912,-149.985744
23:45:00,158.610914,158.405595,-150.017400
