Quasi-Dynamic Simulation AC unbalanced,Terminal(4),Terminal(4),Terminal(4)
"Time","Reactive Power Balance (=0) in Mvar","Active Power Balance (=0) in MW","Unbalance Factor in %"
00:00:00,0.000000,0.000001,0.081885
00:15:00,0.000000,0.000000,0.010442
00:30:00,0.000000,0.000000,0.050935
00:45:00,0.000015,0.000044,0.588585
01:00:00,0.000019,0.000054,0.029716
01:15:00,0.000000,0.000000,0.036734
01:30:00,0.000015,0.000044,0.565676
01:45:00,0.000000,0.000000,0.583344
02:00:00,0.000016,0.000048,0.266029
02:15:00,0.000004,0.000012,0.002362
02:30:00,0.000000,0.000000,0.023495
02:45:00,0.000000,0.000000,0.017741
03:00:00,0.000016,0.000047,0.570792
03:15:00,0.000000,0.000000,0.572877
03:30:00,0.000000,0.000000,0.575758
03:45:00,0.000000,0.000000,0.551961
04:00:00,0.000017,0.000049,0.016989
04:15:00,0.000018,0.000052,0.587377
04:30:00,0.000018,0.000053,0.032249
04:45:00,0.000000,0.000000,0.006697
05:00:00,0.000000,0.000000,0.015701
05:15:00,0.000000,0.000000,0.009470
05:30:00,0.000000,0.000000,0.002228
05:45:00,0.000000,0.000000,0.008773
06:00:00,0.000000,0.000000,0.015977
06:15:00,0.000000,0.000001,0.089285
06:30:00,0.000000,0.000000,0.119603
06:45:00,0.000022,0.000062,0.675367
07:00:00,0.000022,0.000063,0.085997
07:15:00,0.000000,0.000001,0.051278
07:30:00,0.000001,0.000004,0.141478
07:45:00,0.000002,0.000006,0.246769
08:00:00,0.000005,0.000014,0.202081
08:15:00,0.000005,0.000016,0.128820
08:30:00,0.000008,0.000023,0.025056
08:45:00,0.000000,0.000001,0.092624
09:00:00,0.000000,0.000000,0.081912
09:15:00,0.000000,0.000001,0.026159
09:30:00,0.000000,0.000000,0.025069
09:45:00,0.000000,0.000000,0.024923
10:00:00,0.000000,0.000000,0.025049
10:15:00,0.000000,0.000000,0.004571
10:30:00,0.000000,0.000000,0.011588
10:45:00,0.000000,0.000000,0.024810
11:00:00,0.000000,0.000000,0.012430
11:15:00,0.000000,0.000000,0.038615
11:30:00,0.000000,0.000000,0.009278
11:45:00,0.000000,0.000000,0.018040
12:00:00,0.000000,0.000000,0.013226
12:15:00,0.000000,0.000000,0.006820
12:30:00,0.000000,0.000000,0.031149
12:45:00,0.000000,0.000000,0.037856
13:00:00,0.000000,0.000000,0.014081
13:15:00,0.000000,0.000000,0.007868
13:30:00,0.000000,0.000000,0.035470
13:45:00,0.000004,0.000010,0.107176
14:00:00,0.000001,0.000004,0.101871
14:15:00,0.000000,0.000000,0.144890
14:30:00,0.000001,0.000001,0.074111
14:45:00,0.000000,0.000000,0.039923
15:00:00,0.000001,0.000002,0.096165
15:15:00,0.000001,0.000004,0.133684
15:30:00,0.000001,0.000004,0.000591
15:45:00,0.000018,0.000052,0.577283
16:00:00,0.000026,0.000076,0.579147
16:15:00,0.000027,0.000076,0.577065
16:30:00,0.000026,0.000076,0.564208
16:45:00,0.000017,0.000049,0.016604
17:00:00,0.000017,0.000049,0.561386
17:15:00,0.000016,0.000047,0.041684
17:30:00,0.000016,0.000048,0.548604
17:45:00,0.000016,0.000046,0.028465
18:00:00,0.000001,0.000002,0.155169
18:15:00,0.000026,0.000074,0.623004
18:30:00,0.000021,0.000063,0.022788
18:45:00,0.000019,0.000057,0.612776
19:00:00,0.000064,0.000189,0.727903
19:15:00,0.000008,0.000024,0.775099
19:30:00,0.000002,0.000006,0.886796
19:45:00,0.000000,0.000000,0.888873
20:00:00,0.000166,0.000481,0.577529
20:15:00,0.000093,0.000277,0.802249
20:30:00,0.000052,0.000152,0.310194
20:45:00,0.000007,0.000022,0.587381
21:00:00,0.000082,0.000243,0.453198
21:15:00,0.000009,0.000026,0.935865
21:30:00,0.000042,0.000122,0.059097
21:45:00,0.000000,0.000000,0.026966
22:00:00,0.000017,0.000051,0.605432
22:15:00,0.000016,0.000046,0.033849
22:30:00,0.000000,0.000000,0.059308
22:45:00,0.000016,0.000045,0.541363
23:00:00,0.000046,0.000134,0.614005
23:15:00,0.000026,0.000077,0.041244
23:30:00,0.000000,0.000001,0.115577
23:45:00,0.000001,0.000002,0.027577
