Quasi-Dynamic Simulation AC unbalanced,Terminal(4),Terminal(4),Terminal(4)
"Time","Reactive Power Balance (=0) in Mvar","Active Power Balance (=0) in MW","Unbalance Factor in %"
00:00:00,0.000000,0.000001,0.081885
00:15:00,0.000000,0.000000,0.010442
00:30:00,0.000016,0.000049,0.549186
00:45:00,0.000024,0.000071,0.591371
01:00:00,0.000019,0.000054,0.029707
01:15:00,0.000000,0.000000,0.036734
01:30:00,0.000017,0.000050,0.581030
01:45:00,0.000026,0.000077,0.583289
02:00:00,0.000016,0.000048,0.026480
02:15:00,0.000000,0.000001,0.090310
02:30:00,0.000019,0.000057,0.561516
02:45:00,0.000025,0.000073,0.571791
03:00:00,0.000025,0.000074,0.573670
03:15:00,0.000000,0.000000,0.572880
03:30:00,0.000000,0.000000,0.574364
03:45:00,0.000000,0.000000,0.551961
04:00:00,0.000017,0.000049,0.016989
04:15:00,0.000018,0.000052,0.587377
04:30:00,0.000000,0.000000,0.595542
04:45:00,0.000000,0.000000,0.648447
05:00:00,0.000000,0.000000,0.679498
05:15:00,0.000000,0.000000,0.714430
05:30:00,0.000000,0.000000,0.735234
05:45:00,0.000000,0.000000,0.770370
06:00:00,0.000031,0.000090,0.011027
06:15:00,0.000008,0.000024,0.341461
06:30:00,0.000008,0.000025,0.121096
06:45:00,0.000050,0.000146,0.333137
07:00:00,0.000050,0.000144,0.092954
07:15:00,0.000002,0.000005,0.165534
07:30:00,0.000003,0.000007,0.063444
07:45:00,0.000008,0.000024,0.313741
08:00:00,0.000033,0.000097,0.440933
08:15:00,0.000007,0.000019,0.457607
08:30:00,0.000008,0.000024,0.023878
08:45:00,0.000015,0.000045,0.489562
09:00:00,0.000000,0.000000,0.521286
09:15:00,0.000016,0.000046,0.028356
09:30:00,0.000016,0.000047,0.537580
09:45:00,0.000000,0.000000,0.556153
10:00:00,0.000020,0.000058,0.113417
10:15:00,0.000026,0.000078,0.844691
10:30:00,0.000038,0.000112,0.018845
10:45:00,0.000000,0.000000,0.024810
11:00:00,0.000000,0.000000,0.012430
11:15:00,0.000000,0.000000,0.038615
11:30:00,0.000000,0.000000,0.009278
11:45:00,0.000000,0.000000,0.018040
12:00:00,0.000000,0.000000,0.013226
12:15:00,0.000000,0.000000,0.006820
12:30:00,0.000000,0.000000,0.031149
12:45:00,0.000000,0.000000,0.037856
13:00:00,0.000000,0.000000,0.014081
13:15:00,0.000000,0.000000,0.007868
13:30:00,0.000000,0.000000,0.035470
13:45:00,0.000004,0.000010,0.107176
14:00:00,0.000001,0.000004,0.101871
14:15:00,0.000000,0.000000,0.144890
14:30:00,0.000001,0.000001,0.074111
14:45:00,0.000000,0.000000,0.039923
15:00:00,0.000001,0.000002,0.096165
15:15:00,0.000001,0.000004,0.133684
15:30:00,0.000001,0.000004,0.000591
15:45:00,0.000000,0.000000,0.013372
16:00:00,0.000000,0.000000,0.007212
16:15:00,0.000000,0.000000,0.003235
16:30:00,0.000000,0.000000,0.021787
16:45:00,0.000000,0.000000,0.017473
17:00:00,0.000000,0.000000,0.022625
17:15:00,0.000000,0.000000,0.039997
17:30:00,0.000000,0.000000,0.032693
17:45:00,0.000000,0.000000,0.027207
18:00:00,0.000001,0.000002,0.110100
18:15:00,0.000000,0.000001,0.062319
18:30:00,0.000000,0.000000,0.026746
18:45:00,0.000019,0.000057,0.612766
19:00:00,0.000064,0.000189,0.727902
19:15:00,0.000021,0.000063,0.889686
19:30:00,0.000000,0.000001,0.876698
19:45:00,0.000000,0.000000,0.888875
20:00:00,0.000166,0.000481,0.577528
20:15:00,0.000042,0.000126,0.777047
20:30:00,0.000018,0.000052,0.312019
20:45:00,0.000019,0.000054,0.222474
21:00:00,0.000062,0.000183,0.456547
21:15:00,0.000008,0.000024,0.819640
21:30:00,0.000043,0.000124,0.474098
21:45:00,0.000034,0.000101,0.547591
22:00:00,0.000036,0.000107,0.552718
22:15:00,0.000054,0.000157,0.482302
22:30:00,0.000056,0.000166,0.539060
22:45:00,0.000013,0.000037,0.029437
23:00:00,0.000053,0.000159,0.628077
23:15:00,0.000059,0.000173,0.372079
23:30:00,0.000048,0.000138,0.596757
23:45:00,0.000001,0.000002,0.515694
