Quasi-Dynamic Simulation AC unbalanced,Terminal(4),Terminal(4),Terminal(4)
"Time","U0, Angle in deg","U2, Angle in deg","U1, Angle in deg"
00:00:00,-151.624947,7.215440,-149.992189
00:15:00,0.000000,29.453398,-149.993899
00:30:00,17.105649,-126.734004,-150.100372
00:45:00,-16.231486,-11.511841,-150.110494
01:00:00,-99.002926,96.533003,-150.010814
01:15:00,0.000000,-4.187376,-150.001061
01:30:00,-97.801433,-11.289096,-150.106430
01:45:00,0.000000,-12.715380,-150.112219
02:00:00,-95.460372,13.294006,-149.996393
02:15:00,0.000000,-135.289202,-150.004347
02:30:00,-98.943474,167.487689,-149.905706
02:45:00,0.000000,169.875571,-149.891122
03:00:00,-97.650851,-10.570913,-150.113249
03:15:00,0.000000,-12.144452,-150.113101
03:30:00,0.000000,-10.994017,-150.116765
03:45:00,0.000000,-11.560308,-150.106841
04:00:00,-100.090313,56.809466,-150.008854
04:15:00,20.598754,-131.966167,-150.114047
04:30:00,-45.329625,-129.130859,-150.109654
04:45:00,0.000000,-131.513897,-150.122279
05:00:00,0.000000,-130.068866,-150.131120
05:15:00,0.000000,-131.556635,-150.137500
05:30:00,19.975067,9.414660,-150.003568
05:45:00,0.000000,-20.304007,-150.009285
06:00:00,0.000000,-174.614994,-150.009354
06:15:00,-167.085766,4.347574,-149.993710
06:30:00,0.000000,2.570688,-149.990765
06:45:00,-169.669105,21.209054,-149.887579
07:00:00,-164.302500,55.171007,-150.006890
07:15:00,144.364318,-69.876181,-150.004111
07:30:00,74.562405,-157.481776,-150.047680
07:45:00,155.283117,117.808199,-150.057562
08:00:00,136.793879,0.397990,-149.974770
08:15:00,35.314867,1.503978,-149.900198
08:30:00,-154.536326,-66.778767,-149.966495
08:45:00,-58.381816,-4.572830,-149.999243
09:00:00,0.000000,13.044496,-149.996676
09:15:00,-173.681452,101.398738,-150.011392
09:30:00,0.000000,-16.250641,-150.004493
09:45:00,0.000000,51.585678,-150.002044
10:00:00,0.000000,-17.364762,-150.004069
10:15:00,0.000000,170.621934,-150.008396
10:30:00,0.000000,36.252160,-150.008734
10:45:00,0.000000,-42.376918,-149.998637
11:00:00,0.000000,79.755063,-150.007000
11:15:00,0.000000,-0.305778,-150.000331
11:30:00,0.000000,-149.609989,-150.010108
11:45:00,0.000000,7.262111,-150.002039
12:00:00,0.000000,154.807971,-150.011934
12:15:00,0.000000,131.398294,-150.007432
12:30:00,0.000000,178.190439,-150.000518
12:45:00,0.000000,-148.263269,-150.013172
13:00:00,0.000000,134.679499,-150.010493
13:15:00,0.000000,-84.239711,-150.009779
13:30:00,0.000000,24.921368,-150.004293
13:45:00,-20.484939,-92.850271,-150.010796
14:00:00,13.708651,27.427596,-149.981821
14:15:00,0.000000,16.948080,-149.984502
14:30:00,-153.274151,71.462117,-150.010125
14:45:00,0.000000,68.709471,-150.001757
15:00:00,169.508699,72.284737,-150.024247
15:15:00,160.693351,-144.123673,-150.038434
15:30:00,32.521605,-88.203827,-150.006011
15:45:00,0.000000,-25.196576,-150.002371
16:00:00,0.000000,30.436106,-150.008110
16:15:00,0.000000,51.099452,-150.000049
16:30:00,0.000000,117.835173,-150.010765
16:45:00,0.000000,39.790903,-150.008820
17:00:00,0.000000,112.131353,-150.010801
17:15:00,0.000000,84.976344,-149.995620
17:30:00,0.000000,175.027828,-150.004034
17:45:00,0.000000,75.805517,-149.996508
18:00:00,62.439250,-152.165727,-150.032592
18:15:00,24.582982,-138.383176,-150.116669
18:30:00,98.362787,169.854223,-150.150453
18:45:00,82.936866,-7.657063,-150.118572
19:00:00,117.962648,105.420295,-150.167504
19:15:00,21.906612,167.068674,-150.325421
19:30:00,-109.010940,169.958894,-150.176995
19:45:00,81.328458,170.274368,-150.043495
20:00:00,87.433146,-3.052260,-149.797953
20:15:00,0.000000,-9.680698,-149.796300
20:30:00,78.454561,-159.700062,-150.013368
20:45:00,0.000000,-91.135551,-150.010761
21:00:00,113.524567,1.974412,-149.990197
21:15:00,36.423374,-134.669323,-150.116242
21:30:00,18.276828,98.105741,-150.016958
21:45:00,23.412390,51.955591,-149.921870
22:00:00,15.929247,-110.304139,-150.015459
22:15:00,0.000000,-101.621325,-150.014761
22:30:00,13.649800,-125.177394,-150.097244
22:45:00,33.241067,45.800100,-149.800438
23:00:00,95.342539,109.854457,-150.093124
23:15:00,131.771770,107.317538,-150.010109
23:30:00,165.245529,5.249006,-149.985744
23:45:00,158.616214,158.405600,-150.017400
