Quasi-Dynamic Simulation AC unbalanced,Terminal(4),Terminal(4),Terminal(4)
"Time","Reactive Power Balance (=0) in Mvar","Active Power Balance (=0) in MW","Unbalance Factor in %"
00:00:00,0.000019,0.000055,0.561681
00:15:00,0.000000,0.000000,0.580401
00:30:00,0.000017,0.000049,0.525667
00:45:00,0.000042,0.000123,0.597813
01:00:00,0.000028,0.000082,0.604185
01:15:00,0.000000,0.000000,0.561799
01:30:00,0.000017,0.000051,0.584140
01:45:00,0.000045,0.000132,0.589988
02:00:00,0.000040,0.000119,0.555769
02:15:00,0.000025,0.000074,0.555048
02:30:00,0.000015,0.000043,0.058420
02:45:00,0.000001,0.000002,0.017777
03:00:00,0.000016,0.000047,0.570792
03:15:00,0.000000,0.000000,0.572877
03:30:00,0.000000,0.000000,0.574364
03:45:00,0.000000,0.000000,0.551961
04:00:00,0.000025,0.000073,0.587064
04:15:00,0.000018,0.000053,0.593419
04:30:00,0.000000,0.000000,0.583229
04:45:00,0.000000,0.000001,0.647136
05:00:00,0.000000,0.000001,0.668659
05:15:00,0.000000,0.000000,0.711972
05:30:00,0.000000,0.000000,0.733516
05:45:00,0.000000,0.000001,0.764574
06:00:00,0.000079,0.000230,0.009005
06:15:00,0.000000,0.000001,0.089283
06:30:00,0.000019,0.000054,0.494436
06:45:00,0.000161,0.000475,0.372120
07:00:00,0.000167,0.000487,0.498334
07:15:00,0.000021,0.000061,0.504488
07:30:00,0.000023,0.000065,0.656094
07:45:00,0.000003,0.000008,0.366011
08:00:00,0.000014,0.000041,0.440243
08:15:00,0.000006,0.000019,0.457594
08:30:00,0.000008,0.000024,0.023878
08:45:00,0.000000,0.000001,0.092623
09:00:00,0.000000,0.000000,0.081912
09:15:00,0.000000,0.000001,0.026159
09:30:00,0.000000,0.000000,0.025069
09:45:00,0.000000,0.000000,0.024923
10:00:00,0.000000,0.000000,0.025049
10:15:00,0.000000,0.000000,0.004571
10:30:00,0.000000,0.000000,0.011588
10:45:00,0.000000,0.000000,0.024810
11:00:00,0.000000,0.000000,0.012430
11:15:00,0.000000,0.000000,0.038615
11:30:00,0.000000,0.000000,0.009278
11:45:00,0.000000,0.000000,0.018040
12:00:00,0.000000,0.000000,0.013226
12:15:00,0.000000,0.000000,0.006820
12:30:00,0.000000,0.000000,0.031149
12:45:00,0.000000,0.000000,0.037856
13:00:00,0.000000,0.000000,0.014081
13:15:00,0.000000,0.000000,0.007868
13:30:00,0.000000,0.000000,0.035470
13:45:00,0.000004,0.000010,0.107176
14:00:00,0.000001,0.000004,0.101871
14:15:00,0.000000,0.000000,0.144890
14:30:00,0.000001,0.000001,0.074111
14:45:00,0.000000,0.000000,0.039923
15:00:00,0.000001,0.000002,0.096165
15:15:00,0.000001,0.000004,0.133684
15:30:00,0.000001,0.000004,0.000591
15:45:00,0.000000,0.000000,0.013372
16:00:00,0.000000,0.000000,0.007212
16:15:00,0.000000,0.000000,0.003235
16:30:00,0.000000,0.000000,0.021787
16:45:00,0.000000,0.000000,0.017473
17:00:00,0.000000,0.000000,0.022625
17:15:00,0.000000,0.000000,0.039997
17:30:00,0.000000,0.000000,0.032693
17:45:00,0.000000,0.000000,0.027207
18:00:00,0.000001,0.000002,0.110100
18:15:00,0.000000,0.000001,0.062319
18:30:00,0.000000,0.000000,0.026746
18:45:00,0.000000,0.000000,0.040737
19:00:00,0.000000,0.000001,0.061999
19:15:00,0.000000,0.000000,0.079536
19:30:00,0.000015,0.000044,0.564687
19:45:00,0.000022,0.000064,0.493243
20:00:00,0.000067,0.000193,0.633632
20:15:00,0.000000,0.000001,0.571859
20:30:00,0.000027,0.000080,0.568930
20:45:00,0.000024,0.000070,0.552380
21:00:00,0.000045,0.000126,0.851791
21:15:00,0.000037,0.000109,1.292649
21:30:00,0.000011,0.000031,0.838216
21:45:00,0.000000,0.000001,1.556905
22:00:00,0.000208,0.000634,1.213841
22:15:00,0.000078,0.000225,0.569341
22:30:00,0.000032,0.000094,0.383326
22:45:00,0.000020,0.000058,0.363507
23:00:00,0.000063,0.000189,0.603947
23:15:00,0.000009,0.000025,0.535148
23:30:00,0.000096,0.000274,0.554217
23:45:00,0.000016,0.000047,0.025840
