Quasi-Dynamic Simulation AC unbalanced,Terminal(4),Terminal(4),Terminal(4)
"Time","Reactive Power Balance (=0) in Mvar","Active Power Balance (=0) in MW","Unbalance Factor in %"
00:00:00,0.000019,0.000055,0.561681
00:15:00,0.000000,0.000000,0.580401
00:30:00,0.000017,0.000049,0.525667
00:45:00,0.000042,0.000123,0.597813
01:00:00,0.000028,0.000082,0.604185
01:15:00,0.000000,0.000000,0.561799
01:30:00,0.000017,0.000051,0.584140
01:45:00,0.000045,0.000132,0.589988
02:00:00,0.000016,0.000048,0.026383
02:15:00,0.000041,0.000123,0.571432
02:30:00,0.000042,0.000121,0.018039
02:45:00,0.000011,0.000033,0.457100
03:00:00,0.000054,0.000160,0.563770
03:15:00,0.000000,0.000000,0.572862
03:30:00,0.000000,0.000000,0.574364
03:45:00,0.000000,0.000000,0.551961
04:00:00,0.000025,0.000073,0.587064
04:15:00,0.000018,0.000053,0.593419
04:30:00,0.000000,0.000000,0.583229
04:45:00,0.000000,0.000001,0.647136
05:00:00,0.000000,0.000001,0.668659
05:15:00,0.000000,0.000000,0.711972
05:30:00,0.000000,0.000000,0.733516
05:45:00,0.000000,0.000001,0.764574
06:00:00,0.000171,0.000495,0.350589
06:15:00,0.000006,0.000018,0.547860
06:30:00,0.000141,0.000419,0.663081
06:45:00,0.000074,0.000215,0.767271
07:00:00,0.000033,0.000095,0.166766
07:15:00,0.000002,0.000005,0.051298
07:30:00,0.000003,0.000010,0.176971
07:45:00,0.000001,0.000002,0.246941
08:00:00,0.000020,0.000058,0.442473
08:15:00,0.000006,0.000019,0.457644
08:30:00,0.000030,0.000087,0.586725
08:45:00,0.000023,0.000069,0.487073
09:00:00,0.000000,0.000000,0.521293
09:15:00,0.000023,0.000067,0.530816
09:30:00,0.000023,0.000067,0.534679
09:45:00,0.000000,0.000000,0.556151
10:00:00,0.000017,0.000050,0.021995
10:15:00,0.000065,0.000192,0.715103
10:30:00,0.000068,0.000200,0.018538
10:45:00,0.000000,0.000000,0.024825
11:00:00,0.000000,0.000000,0.012430
11:15:00,0.000000,0.000000,0.038615
11:30:00,0.000000,0.000000,0.009278
11:45:00,0.000000,0.000000,0.018040
12:00:00,0.000000,0.000000,0.013226
12:15:00,0.000000,0.000000,0.006820
12:30:00,0.000000,0.000000,0.031149
12:45:00,0.000000,0.000000,0.037856
13:00:00,0.000000,0.000000,0.014081
13:15:00,0.000000,0.000000,0.007868
13:30:00,0.000000,0.000000,0.035470
13:45:00,0.000004,0.000010,0.107176
14:00:00,0.000001,0.000004,0.101871
14:15:00,0.000000,0.000000,0.144890
14:30:00,0.000001,0.000001,0.074111
14:45:00,0.000000,0.000000,0.039923
15:00:00,0.000001,0.000002,0.096165
15:15:00,0.000001,0.000004,0.133684
15:30:00,0.000001,0.000004,0.000591
15:45:00,0.000000,0.000000,0.013372
16:00:00,0.000000,0.000000,0.007212
16:15:00,0.000000,0.000000,0.003235
16:30:00,0.000000,0.000000,0.021787
16:45:00,0.000000,0.000000,0.017473
17:00:00,0.000000,0.000000,0.022625
17:15:00,0.000000,0.000000,0.039997
17:30:00,0.000016,0.000048,0.548698
17:45:00,0.000016,0.000046,0.028465
18:00:00,0.000075,0.000225,0.152930
18:15:00,0.000037,0.000108,0.563464
18:30:00,0.000034,0.000100,0.798813
18:45:00,0.000033,0.000098,0.566327
19:00:00,0.000117,0.000337,0.599497
19:15:00,0.000027,0.000077,0.515746
19:30:00,0.000026,0.000078,0.609177
19:45:00,0.000000,0.000000,0.613926
20:00:00,0.000028,0.000084,0.572966
20:15:00,0.000000,0.000001,0.548527
20:30:00,0.000017,0.000051,0.565876
20:45:00,0.000000,0.000000,0.624290
21:00:00,0.000042,0.000125,0.617880
21:15:00,0.000000,0.000001,0.571052
21:30:00,0.000078,0.000226,0.516197
21:45:00,0.000000,0.000000,0.539807
22:00:00,0.000157,0.000464,0.556807
22:15:00,0.000036,0.000106,0.037885
22:30:00,0.000000,0.000001,0.053084
22:45:00,0.000032,0.000092,0.556837
23:00:00,0.000099,0.000296,0.598117
23:15:00,0.000025,0.000073,0.041842
23:30:00,0.000001,0.000001,0.115578
23:45:00,0.000001,0.000002,0.027577
