Quasi-Dynamic Simulation AC unbalanced,Terminal(4),Terminal(4),Terminal(4)
"Time","U0, Angle in deg","U2, Angle in deg","U1, Angle in deg"
00:00:00,-151.624947,7.215440,-149.992189
00:15:00,0.000000,29.453398,-149.993899
00:30:00,17.105649,-126.734004,-150.100372
00:45:00,-16.231486,-11.511841,-150.110494
01:00:00,-99.002926,96.533003,-150.010814
01:15:00,0.000000,-4.187376,-150.001061
01:30:00,24.848339,-131.762396,-150.107005
01:45:00,-9.807299,-12.693798,-150.112208
02:00:00,-95.230823,13.220675,-149.996393
02:15:00,0.016328,49.094588,-149.986976
02:30:00,-92.168107,-9.547300,-150.118026
02:45:00,-72.952671,-129.539167,-150.101694
03:00:00,-35.841833,-10.994547,-150.113265
03:15:00,0.000000,-12.145248,-150.113101
03:30:00,0.000000,-10.992754,-150.116511
03:45:00,0.000000,-11.560336,-150.106841
04:00:00,-100.090240,56.809491,-150.008854
04:15:00,20.598752,-131.966167,-150.114047
04:30:00,0.000000,-129.012885,-150.104332
04:45:00,0.000000,-131.512260,-150.122279
05:00:00,0.000000,-130.068865,-150.131120
05:15:00,0.000000,-131.556635,-150.137500
05:30:00,0.000000,-131.292262,-150.137832
05:45:00,0.000000,-130.761392,-150.150873
06:00:00,18.102235,171.399910,-150.009354
06:15:00,0.887329,-120.617856,-150.067656
06:30:00,25.747945,2.857111,-149.990766
06:45:00,-46.301073,-60.272529,-150.018747
07:00:00,-55.973951,56.715408,-150.006890
07:15:00,62.955653,33.189172,-149.969909
07:30:00,58.243939,148.343030,-150.026173
07:45:00,58.459201,-178.173395,-150.113711
08:00:00,-54.642772,163.762980,-149.856303
08:15:00,5.766738,165.823870,-149.792398
08:30:00,-29.943036,-63.237729,-149.966495
08:45:00,-102.749420,167.877531,-149.890977
09:00:00,-75.472205,165.506217,-149.885235
09:15:00,-95.061965,105.440329,-150.011392
09:30:00,-101.571552,169.282117,-149.899508
09:45:00,0.000000,166.856843,-149.895615
10:00:00,-85.050609,-121.281342,-150.026693
10:15:00,22.463526,-131.537527,-150.163226
10:30:00,20.292988,33.862419,-150.008734
10:45:00,0.000000,-42.350514,-149.998637
11:00:00,0.000000,79.755067,-150.007000
11:15:00,0.000000,-0.305778,-150.000331
11:30:00,0.000000,-149.609990,-150.010108
11:45:00,0.000000,7.262111,-150.002039
12:00:00,0.000000,154.807971,-150.011934
12:15:00,0.000000,131.398294,-150.007432
12:30:00,0.000000,178.190439,-150.000518
12:45:00,0.000000,-148.263269,-150.013172
13:00:00,0.000000,134.679499,-150.010493
13:15:00,0.000000,-84.239711,-150.009779
13:30:00,0.000000,24.921368,-150.004293
13:45:00,-20.484939,-92.850271,-150.010796
14:00:00,13.708651,27.427596,-149.981821
14:15:00,0.000000,16.948080,-149.984502
14:30:00,-153.274152,71.462117,-150.010125
14:45:00,0.000000,68.709471,-150.001757
15:00:00,169.508700,72.284737,-150.024247
15:15:00,160.693351,-144.123673,-150.038434
15:30:00,32.521606,-88.203827,-150.006011
15:45:00,0.000000,-25.196576,-150.002371
16:00:00,0.000000,30.436106,-150.008110
16:15:00,0.000000,51.099452,-150.000049
16:30:00,0.000000,117.835173,-150.010765
16:45:00,0.000000,39.790903,-150.008820
17:00:00,0.000000,112.131353,-150.010801
17:15:00,0.000000,84.976344,-149.995620
17:30:00,0.000000,175.027828,-150.004034
17:45:00,0.000000,75.805517,-149.996508
18:00:00,62.439250,-152.165727,-150.032592
18:15:00,4.408892,125.691330,-150.025174
18:30:00,0.000000,-157.992571,-150.018691
18:45:00,-105.293034,-7.472432,-150.118597
19:00:00,88.620124,150.364175,-150.283324
19:15:00,18.104631,103.372626,-150.157107
19:30:00,84.802998,110.842380,-150.180844
19:45:00,0.000000,109.963931,-150.165972
20:00:00,110.778469,-5.362108,-149.798081
20:15:00,130.936076,70.687244,-149.958782
20:30:00,24.997138,112.703639,-150.070023
20:45:00,118.376109,-20.005036,-149.931773
21:00:00,100.287868,142.479145,-150.175515
21:15:00,106.403664,144.288346,-150.283569
21:30:00,135.764843,-136.938347,-150.110439
21:45:00,-42.525189,167.645251,-149.920814
22:00:00,-39.079607,-130.303369,-150.110541
22:15:00,22.683613,46.582933,-149.920547
22:30:00,17.000139,-125.156406,-150.102389
22:45:00,51.393868,-53.491680,-149.899592
23:00:00,-152.232640,45.073729,-150.218064
23:15:00,-161.262271,-137.689069,-150.080834
23:30:00,28.873467,41.077800,-149.892027
23:45:00,172.920272,51.995204,-149.919106
