Quasi-Dynamic Simulation AC unbalanced,Quasi-Dynamic Simulation AC unbalanced,Quasi-Dynamic Simulation AC unbalanced,Summary Grid,Summary Grid,Summary Grid,Grid,Grid,Grid,Terminal,Terminal,Terminal,Terminal,Terminal,Terminal,Terminal,Terminal(3),Terminal(3),Terminal(3),Terminal(3),Terminal(3),Terminal(3),Terminal(3),2-Winding Transformer,Terminal(4),Terminal(4),Terminal(4),Terminal(4),Terminal(4),Terminal(4),Terminal(4),Line
"Time","Number","Load flow calculation failed.","umin in p.u.","umax in p.u.","Max. Loading in %","umin in p.u.","umax in p.u.","Max. Loading in %","u1, Magnitude in p.u.","upht, Magnitude C in p.u.","upht, Magnitude B in p.u.","upht, Magnitude A in p.u.","uphtmin, Magnitude in p.u.","uphtmax, Magnitude in p.u.","Unbalance Factor in %","u1, Magnitude in p.u.","upht, Magnitude C in p.u.","upht, Magnitude B in p.u.","upht, Magnitude A in p.u.","uphtmin, Magnitude in p.u.","uphtmax, Magnitude in p.u.","Unbalance Factor in %","Loading in %","u1, Magnitude in p.u.","upht, Magnitude C in p.u.","upht, Magnitude B in p.u.","upht, Magnitude A in p.u.","uphtmin, Magnitude in p.u.","uphtmax, Magnitude in p.u.","Unbalance Factor in %","Max. Loading in %"
00:00:00,0.000000,0.000000,0.989087,1.000543,10.316165,0.989087,1.000543,10.316165,1.000000,1.000000,1.000000,1.000000,1.000000,1.000000,0.000000,0.999377,0.998405,0.999184,1.000543,0.998405,1.000543,0.125019,4.964390,0.993710,0.994167,0.989087,0.997894,0.989087,0.997894,0.513540,10.316165
00:15:00,1.000000,0.000000,0.988559,1.000743,10.361269,0.988559,1.000743,10.361269,1.000000,1.000000,1.000000,1.000000,1.000000,1.000000,0.000000,0.999409,0.998427,0.999058,1.000743,0.998427,1.000743,0.138372,5.134453,0.993893,0.994969,0.988559,0.998173,0.988559,0.998173,0.568307,10.361269
00:30:00,2.000000,0.000000,0.988551,1.000758,10.143523,0.988551,1.000758,10.143523,1.000000,1.000000,1.000000,1.000000,1.000000,1.000000,0.000000,0.999417,1.000758,0.998541,0.998955,0.998541,1.000758,0.136236,5.080248,0.993945,0.997818,0.995491,0.988551,0.988551,0.997818,0.559508,10.143523
00:45:00,3.000000,0.000000,0.984324,1.000069,17.441282,0.984324,1.000069,17.441282,1.000000,1.000000,1.000000,1.000000,1.000000,1.000000,0.000000,0.999094,1.000069,0.999486,0.997729,0.997729,1.000069,0.140714,7.189792,0.988571,0.987375,0.994040,0.984324,0.984324,0.994040,0.580853,17.441282
01:00:00,4.000000,0.000000,0.988931,1.000860,9.984766,0.988931,1.000860,9.984766,1.000000,1.000000,1.000000,1.000000,1.000000,1.000000,0.000000,0.999523,0.998592,0.999118,1.000860,0.998592,1.000860,0.137152,4.995768,0.994292,0.995592,0.988931,0.998377,0.988931,0.998377,0.563134,9.984766
01:15:00,5.000000,0.000000,0.988899,1.000729,10.235488,0.988899,1.000729,10.235488,1.000000,1.000000,1.000000,1.000000,1.000000,1.000000,0.000000,0.999448,0.998447,0.999168,1.000729,0.998447,1.000729,0.134809,5.042855,0.994003,0.994796,0.988899,0.998339,0.988899,0.998339,0.553629,10.235488
01:30:00,6.000000,0.000000,0.988839,1.000853,10.085008,0.988839,1.000853,10.085008,1.000000,1.000000,1.000000,1.000000,1.000000,1.000000,0.000000,0.999488,1.000853,0.998477,0.999136,0.998477,1.000853,0.141750,5.050657,0.994292,0.998700,0.995363,0.988839,0.988839,0.998700,0.581991,10.085008
01:45:00,7.000000,0.000000,0.984727,1.000098,17.017591,0.984727,1.000098,17.017591,1.000000,1.000000,1.000000,1.000000,1.000000,1.000000,0.000000,0.999143,1.000098,0.999521,0.997813,0.997813,1.000098,0.137281,7.015135,0.988883,0.987734,0.994213,0.984727,0.984727,0.994213,0.566530,17.017591
02:00:00,8.000000,0.000000,0.998895,1.010210,9.466910,0.998895,1.010210,9.466910,1.000000,1.000000,1.000000,1.000000,1.000000,1.000000,0.000000,1.000200,0.998895,1.001193,1.000512,0.998895,1.001193,0.136251,4.199917,1.004999,1.000702,1.004109,1.010210,1.000702,1.010210,0.553848,9.466910
02:15:00,9.000000,0.000000,0.985240,1.000133,16.352514,0.985240,1.000133,16.352514,1.000000,1.000000,1.000000,1.000000,1.000000,1.000000,0.000000,0.999192,1.000133,0.999544,0.997899,0.997899,1.000133,0.133787,6.740971,0.989336,0.988282,0.994509,0.985240,0.985240,0.994509,0.551884,16.352514
02:30:00,10.000000,0.000000,0.988987,1.000874,9.939432,0.988987,1.000874,9.939432,1.000000,1.000000,1.000000,1.000000,1.000000,1.000000,0.000000,0.999528,0.998601,0.999112,1.000874,0.998601,1.000874,0.137815,4.965028,0.994387,0.995737,0.988987,0.998460,0.988987,0.998460,0.565802,9.939432
02:45:00,11.000000,0.000000,0.986305,1.001036,12.266299,0.986305,1.001036,12.266299,1.000000,1.000000,0.999999,1.000001,0.999999,1.000001,0.000000,0.999378,1.001036,0.998189,0.998910,0.998189,1.001036,0.171052,6.108217,0.992943,0.998143,0.994418,0.986305,0.986305,0.998143,0.703173,12.266299
03:00:00,12.000000,0.000000,0.984515,1.000154,17.153157,0.984515,1.000154,17.153157,1.000000,1.000000,1.000000,1.000000,1.000000,1.000000,0.000000,0.999148,1.000154,0.999491,0.997801,0.997801,1.000154,0.140174,7.071019,0.988879,0.987885,0.994263,0.984515,0.984515,0.994263,0.578474,17.153157
03:15:00,13.000000,0.000000,0.984322,1.000093,17.357205,0.984322,1.000093,17.357205,1.000000,1.000000,1.000000,1.000000,1.000000,1.000000,0.000000,0.999110,1.000093,0.999458,0.997781,0.997781,1.000093,0.138053,7.155133,0.988591,0.987567,0.993908,0.984322,0.984322,0.993908,0.569866,17.357205
03:30:00,14.000000,0.000000,0.984411,1.000151,17.302663,0.984411,1.000151,17.302663,1.000000,1.000000,1.000000,1.000000,1.000000,1.000000,0.000000,0.999146,1.000151,0.999494,0.997795,0.997795,1.000151,0.140494,7.132649,0.988773,0.987759,0.994174,0.984411,0.984411,0.994174,0.579853,17.302663
03:45:00,15.000000,0.000000,0.984239,1.000099,17.257136,0.984239,1.000099,17.257136,1.000000,1.000000,1.000000,1.000000,1.000000,1.000000,0.000000,0.999089,1.000099,0.999385,0.997786,0.997786,1.000099,0.136850,7.113882,0.988603,0.987791,0.993801,0.984239,0.984239,0.993801,0.564882,17.257136
04:00:00,16.000000,0.000000,0.988989,1.000858,9.883808,0.988989,1.000858,9.883808,1.000000,1.000000,1.000000,1.000000,1.000000,1.000000,0.000000,0.999522,0.998549,0.999161,1.000858,0.998549,1.000858,0.138203,4.995369,0.994331,0.995450,0.988989,0.998579,0.988989,0.998579,0.567423,9.883808
04:15:00,17.000000,0.000000,0.988758,1.000909,10.129241,0.988758,1.000909,10.129241,1.000000,1.000000,1.000000,1.000000,1.000000,1.000000,0.000000,0.999517,1.000909,0.998487,0.999156,0.998487,1.000909,0.144552,5.102351,0.994321,0.998810,0.995422,0.988758,0.988758,0.998810,0.593496,10.129241
04:30:00,18.000000,0.000000,0.987993,1.000832,10.636686,0.987993,1.000832,10.636686,1.000000,1.000000,1.000000,1.000000,1.000000,1.000000,0.000000,0.999402,1.000832,0.998417,0.998959,0.998417,1.000832,0.146451,5.342995,0.993730,0.998058,0.995168,0.987993,0.987993,0.998058,0.601579,10.636686
04:45:00,19.000000,0.000000,0.987576,1.000947,11.219990,0.987576,1.000947,11.219990,1.000000,1.000000,0.999999,1.000000,0.999999,1.000000,0.000000,0.999445,1.000947,0.998334,0.999055,0.998334,1.000947,0.155965,5.597297,0.993580,0.998422,0.994771,0.987576,0.987576,0.998422,0.640786,11.219990
05:00:00,20.000000,0.000000,0.986857,1.001018,11.779390,0.986857,1.001018,11.779390,1.000000,1.000000,0.999999,1.000000,0.999999,1.000000,0.000000,0.999428,1.001018,0.998293,0.998974,0.998293,1.001018,0.163943,5.886382,0.993227,0.998194,0.994664,0.986857,0.986857,0.998194,0.673791,11.779390
05:15:00,21.000000,0.000000,0.986387,1.001059,12.305920,0.986387,1.001059,12.305920,1.000000,1.000000,0.999999,1.000001,0.999999,1.000001,0.000000,0.999413,1.001059,0.998194,0.998990,0.998194,1.001059,0.170903,6.120120,0.992959,0.998277,0.994249,0.986387,0.986387,0.998277,0.702577,12.305920
05:30:00,22.000000,0.000000,0.985949,1.001113,12.648901,0.985949,1.001113,12.648901,1.000000,1.000000,0.999999,1.000001,0.999999,1.000001,0.000000,0.999395,1.001113,0.998139,0.998936,0.998139,1.001113,0.177896,6.292711,0.992816,0.998300,0.994239,0.985949,0.985949,0.998300,0.731413,12.648901
05:45:00,23.000000,0.000000,0.985193,1.001195,13.327285,0.985193,1.001195,13.327285,1.000000,1.000000,0.999999,1.000001,0.999999,1.000001,0.000000,0.999387,1.001195,0.998085,0.998885,0.998085,1.001195,0.186640,6.619063,0.992424,0.998122,0.994002,0.985193,0.985193,0.998122,0.767662,13.327285
06:00:00,24.000000,0.000000,0.998920,1.010567,9.721580,0.998920,1.010567,9.721580,1.000000,1.000000,1.000000,1.000000,1.000000,1.000000,0.000000,1.000253,1.001236,1.000605,0.998920,0.998920,1.001236,0.138201,4.307327,1.005232,1.004187,1.010567,1.000966,1.000966,1.010567,0.561672,9.721580
06:15:00,25.000000,0.000000,0.999473,1.014990,16.708979,0.999473,1.014990,16.708979,1.000000,1.000000,1.000000,1.000000,1.000000,1.000000,0.000000,1.000513,0.999473,1.000310,1.001756,0.999473,1.001756,0.133340,6.887905,1.010519,1.011005,1.005585,1.014990,1.005585,1.014990,0.539223,16.708979
06:30:00,26.000000,0.000000,0.999406,1.014931,16.468845,0.999406,1.014931,16.468845,1.000000,1.000000,1.000000,1.000000,1.000000,1.000000,0.000000,1.000468,0.999406,1.000334,1.001665,0.999406,1.001665,0.131089,6.788915,1.010388,1.010596,1.005658,1.014931,1.005658,1.014931,0.530164,16.468845
06:45:00,27.000000,0.000000,0.998478,1.012854,15.464530,0.998478,1.012854,15.464530,1.000000,1.000000,1.000000,1.000000,1.000000,1.000000,0.000000,0.999511,0.998478,1.000053,1.000004,0.998478,1.000053,0.103430,6.374909,1.008649,1.006222,1.006883,1.012854,1.006222,1.012854,0.418624,15.464530
07:00:00,28.000000,0.000000,0.999569,1.013346,15.318301,0.999569,1.013346,15.318301,1.000000,1.000000,1.000000,1.000000,1.000000,1.000000,0.000000,1.000435,0.999569,1.000097,1.001639,0.999569,1.001639,0.124207,6.314628,1.009568,1.010636,1.004743,1.013346,1.004743,1.013346,0.502723,15.318301
07:15:00,29.000000,0.000000,0.998805,1.010049,9.519621,0.998805,1.010049,9.519621,1.000000,1.000000,1.000000,1.000000,1.000000,1.000000,0.000000,1.000148,1.001042,1.000599,0.998805,0.998805,1.001042,0.136684,4.065892,1.004646,1.003182,1.010049,1.000729,1.000729,1.010049,0.555776,9.519621
07:30:00,30.000000,0.000000,0.998789,1.009806,9.468176,0.998789,1.009806,9.468176,1.000000,1.000000,1.000000,1.000000,1.000000,1.000000,0.000000,1.000167,1.001319,1.000395,0.998789,0.998789,1.001319,0.147820,4.093398,1.004332,1.003828,1.009806,0.999389,0.999389,1.009806,0.601255,9.468176
07:45:00,31.000000,0.000000,0.995699,1.008231,9.339223,0.995699,1.008231,9.339223,1.000000,1.000000,0.999999,1.000000,0.999999,1.000000,0.000000,1.000024,1.001624,0.999913,0.998537,0.998537,1.001624,0.178583,3.849885,1.002433,1.003410,1.008231,0.995699,0.995699,1.008231,0.727655,9.339223
08:00:00,32.000000,0.000000,0.999181,1.014888,16.390285,0.999181,1.014888,16.390285,1.000000,1.000000,1.000000,1.000000,1.000000,1.000000,0.000000,1.000327,0.999181,1.000347,1.001456,0.999181,1.001456,0.131308,6.756530,1.010040,1.009624,1.005628,1.014888,1.005628,1.014888,0.531159,16.390285
08:15:00,33.000000,0.000000,0.998371,1.008961,12.050574,0.998371,1.008961,12.050574,1.000000,1.000000,1.000000,1.000000,1.000000,1.000000,0.000000,0.999396,0.998371,0.999305,1.000514,0.998371,1.000514,0.124129,4.967580,1.004596,1.004663,1.000185,1.008961,1.000185,1.008961,0.504368,12.050574
08:30:00,34.000000,0.000000,0.998656,1.009446,9.489882,0.998656,1.009446,9.489882,1.000000,1.000000,1.000000,1.000000,1.000000,1.000000,0.000000,0.999968,1.000890,1.000360,0.998656,0.998656,1.000890,0.134762,3.947588,1.004181,1.002954,1.009446,1.000164,1.000164,1.009446,0.548115,9.489882
08:45:00,35.000000,0.000000,0.999408,1.014321,15.925288,0.999408,1.014321,15.925288,1.000000,1.000000,1.000000,1.000000,1.000000,1.000000,0.000000,1.000458,0.999408,1.000289,1.001677,0.999408,1.001677,0.132004,6.564846,1.009821,1.010167,1.004995,1.014321,1.004995,1.014321,0.534159,15.925288
09:00:00,36.000000,0.000000,0.999522,1.014903,16.593441,0.999522,1.014903,16.593441,1.000000,1.000000,1.000000,1.000000,1.000000,1.000000,0.000000,1.000528,0.999522,1.000301,1.001761,0.999522,1.001761,0.131193,6.840277,1.010569,1.011157,1.005667,1.014903,1.005667,1.014903,0.530522,16.593441
09:15:00,37.000000,0.000000,0.998907,1.010278,9.582889,0.998907,1.010278,9.582889,1.000000,1.000000,1.000000,1.000000,1.000000,1.000000,0.000000,1.000237,1.001265,1.000540,0.998907,0.998907,1.001265,0.139350,4.213311,1.004974,1.004133,1.010278,1.000534,1.000534,1.010278,0.566479,9.582889
09:30:00,38.000000,0.000000,0.999561,1.014672,16.542574,0.999561,1.014672,16.542574,1.000000,1.000000,1.000000,1.000000,1.000000,1.000000,0.000000,1.000567,0.999561,1.000260,1.001880,0.999561,1.001880,0.137306,6.819308,1.010311,1.011214,1.005071,1.014672,1.005071,1.014672,0.555404,16.542574
09:45:00,39.000000,0.000000,0.999588,1.014345,16.301388,0.999588,1.014345,16.301388,1.000000,1.000000,1.000000,1.000000,1.000000,1.000000,0.000000,1.000535,0.999588,1.000186,1.001832,0.999588,1.001832,0.134141,6.719885,1.010220,1.011307,1.005029,1.014345,1.005029,1.014345,0.542636,16.301388
10:00:00,40.000000,0.000000,0.999545,1.014491,16.287693,0.999545,1.014491,16.287693,1.000000,1.000000,1.000000,1.000000,1.000000,1.000000,0.000000,1.000544,0.999545,1.000246,1.001843,0.999545,1.001843,0.135947,6.714239,1.010158,1.011027,1.004978,1.014491,1.004978,1.014491,0.549979,16.287693
10:15:00,41.000000,0.000000,0.998929,1.010456,9.609680,0.998929,1.010456,9.609680,1.000000,1.000000,1.000000,1.000000,1.000000,1.000000,0.000000,1.000248,1.001231,1.000587,0.998929,0.998929,1.001231,0.137068,4.266521,1.005180,1.004186,1.010456,1.000920,1.000920,1.010456,0.557095,9.609680
10:30:00,42.000000,0.000000,0.999676,1.000000,0.399621,0.999676,1.000000,0.399621,1.000000,1.000000,1.000000,1.000000,1.000000,1.000000,0.000000,0.999887,0.999905,0.999904,0.999851,0.999851,0.999905,0.003569,0.399621,0.999759,0.999697,0.999904,0.999676,0.999676,0.999904,0.014580,0.316882
10:45:00,43.000000,0.000000,0.999287,1.000000,0.551363,0.999287,1.000000,0.551363,1.000000,1.000000,1.000000,1.000000,1.000000,1.000000,0.000000,0.999820,0.999776,0.999878,0.999806,0.999776,0.999878,0.006073,0.526262,0.999530,0.999287,0.999605,0.999697,0.999287,0.999697,0.024810,0.551363
11:00:00,44.000000,0.000000,0.999576,1.000000,0.420408,0.999576,1.000000,0.420408,1.000000,1.000000,1.000000,1.000000,1.000000,1.000000,0.000000,0.999873,0.999902,0.999864,0.999851,0.999851,0.999902,0.003043,0.420408,0.999698,0.999740,0.999778,0.999576,0.999576,0.999778,0.012430,0.300788
11:15:00,45.000000,0.000000,0.999229,1.000000,0.707638,0.999229,1.000000,0.707638,1.000000,1.000000,1.000000,1.000000,1.000000,1.000000,0.000000,0.999831,0.999824,0.999916,0.999753,0.999753,0.999916,0.009452,0.567065,0.999564,0.999229,0.999898,0.999567,0.999229,0.999898,0.038615,0.707638
11:30:00,46.000000,0.000000,0.999610,1.000000,0.415911,0.999610,1.000000,0.415911,1.000000,1.000000,1.000000,1.000000,1.000000,1.000000,0.000000,0.999884,0.999874,0.999872,0.999907,0.999872,0.999907,0.002271,0.415911,0.999702,0.999748,0.999610,0.999749,0.999610,0.999749,0.009278,0.288009
11:45:00,47.000000,0.000000,0.999519,1.000000,0.447206,0.999519,1.000000,0.447206,1.000000,1.000000,1.000000,1.000000,1.000000,1.000000,0.000000,0.999850,0.999853,0.999887,0.999811,0.999811,0.999887,0.004416,0.447206,0.999663,0.999519,0.999829,0.999640,0.999519,0.999829,0.018040,0.408426
12:00:00,48.000000,0.000000,0.999526,1.000000,0.463099,0.999526,1.000000,0.463099,1.000000,1.000000,1.000000,1.000000,1.000000,1.000000,0.000000,0.999877,0.999893,0.999845,0.999894,0.999845,0.999894,0.003237,0.463099,0.999602,0.999733,0.999526,0.999545,0.999526,0.999733,0.013226,0.437862
12:15:00,49.000000,0.000000,0.999670,1.000000,0.392335,0.999670,1.000000,0.392335,1.000000,1.000000,1.000000,1.000000,1.000000,1.000000,0.000000,0.999877,0.999891,0.999862,0.999880,0.999862,0.999891,0.001670,0.392335,0.999721,0.999786,0.999708,0.999670,0.999670,0.999786,0.006820,0.233776
12:30:00,50.000000,0.000000,0.999279,1.000000,0.619904,0.999279,1.000000,0.619904,1.000000,1.000000,1.000000,1.000000,1.000000,1.000000,0.000000,0.999829,0.999836,0.999759,0.999891,0.999759,0.999891,0.007624,0.528907,0.999544,0.999818,0.999279,0.999534,0.999279,0.999818,0.031149,0.619904
12:45:00,51.000000,0.000000,0.999009,1.000000,0.825223,0.999009,1.000000,0.825223,1.000000,1.000000,1.000000,1.000000,1.000000,1.000000,0.000000,0.999852,0.999809,0.999803,0.999945,0.999803,0.999945,0.009264,0.658563,0.999387,0.999566,0.999009,0.999586,0.999009,0.999586,0.037856,0.825223
13:00:00,52.000000,0.000000,0.999537,1.000000,0.458652,0.999537,1.000000,0.458652,1.000000,1.000000,1.000000,1.000000,1.000000,1.000000,0.000000,0.999877,0.999903,0.999844,0.999883,0.999844,0.999903,0.003447,0.458652,0.999637,0.999773,0.999602,0.999537,0.999537,0.999773,0.014081,0.390711
13:15:00,53.000000,0.000000,0.999597,1.000000,0.424667,0.999597,1.000000,0.424667,1.000000,1.000000,1.000000,1.000000,1.000000,1.000000,0.000000,0.999875,0.999856,0.999885,0.999884,0.999856,0.999885,0.001926,0.424667,0.999643,0.999597,0.999611,0.999721,0.999597,0.999721,0.007868,0.336170
13:30:00,54.000000,0.000000,0.999250,1.000000,0.784006,0.999250,1.000000,0.784006,1.000000,1.000000,1.000000,1.000000,1.000000,1.000000,0.000000,0.999830,0.999861,0.999884,0.999744,0.999744,0.999884,0.008681,0.580032,0.999454,0.999250,0.999807,0.999304,0.999250,0.999807,0.035470,0.784006
13:45:00,55.000000,0.000000,0.995442,1.000000,4.881711,0.995442,1.000000,4.881711,1.000000,1.000000,1.000000,1.000000,1.000000,1.000000,0.000000,0.999384,0.999125,0.999488,0.999541,0.999125,0.999541,0.026152,2.153694,0.996021,0.995534,0.995442,0.997087,0.995442,0.997087,0.107176,4.881711
14:00:00,56.000000,0.000000,0.996790,1.000000,3.562361,0.996790,1.000000,3.562361,1.000000,1.000000,1.000000,1.000000,1.000000,1.000000,0.000000,0.999461,0.999561,0.999609,0.999214,0.999214,0.999609,0.024888,1.573482,0.997337,0.996790,0.998352,0.996870,0.996790,0.998352,0.101871,3.562361
14:15:00,57.000000,0.000000,0.996759,1.000000,3.581390,0.996759,1.000000,3.581390,1.000000,1.000000,1.000000,1.000000,1.000000,1.000000,0.000000,0.999527,0.999607,0.999785,0.999188,0.999188,0.999785,0.035411,1.602932,0.997746,0.996759,0.999154,0.997326,0.996759,0.999154,0.144890,3.581390
14:30:00,58.000000,0.000000,0.997638,1.000000,2.161611,0.997638,1.000000,2.161611,1.000000,1.000000,1.000000,1.000000,1.000000,1.000000,0.000000,0.999698,0.999866,0.999674,0.999555,0.999555,0.999866,0.018120,1.198820,0.998339,0.998487,0.998894,0.997638,0.997638,0.998894,0.074111,2.161611
14:45:00,59.000000,0.000000,0.998435,1.000000,1.394871,0.998435,1.000000,1.394871,1.000000,1.000000,1.000000,1.000000,1.000000,1.000000,0.000000,0.999732,0.999821,0.999724,0.999652,0.999652,0.999821,0.009765,0.873260,0.998807,0.998867,0.999118,0.998435,0.998435,0.999118,0.039923,1.394871
15:00:00,60.000000,0.000000,0.996327,1.000000,3.464092,0.996327,1.000000,3.464092,1.000000,1.000000,1.000000,1.000000,1.000000,1.000000,0.000000,0.999598,0.999817,0.999564,0.999414,0.999414,0.999817,0.023489,1.736766,0.997240,0.997445,0.997950,0.996327,0.996327,0.997950,0.096165,3.464092
15:15:00,61.000000,0.000000,0.996648,1.000075,3.017529,0.996648,1.000075,3.017529,1.000000,1.000000,1.000000,1.000000,1.000000,1.000000,0.000000,0.999749,0.999576,0.999596,1.000075,0.999576,1.000075,0.032672,1.648676,0.997975,0.998521,0.996648,0.998759,0.996648,0.998759,0.133684,3.017529
15:30:00,62.000000,0.000000,0.999708,1.000000,0.369067,0.999708,1.000000,0.369067,1.000000,1.000000,1.000000,1.000000,1.000000,1.000000,0.000000,0.999871,0.999870,0.999872,0.999872,0.999870,0.999872,0.000145,0.369067,0.999712,0.999708,0.999709,0.999717,0.999708,0.999717,0.000591,0.184131
15:45:00,63.000000,0.000000,0.999380,1.000000,0.494432,0.999380,1.000000,0.494432,1.000000,1.000000,1.000000,1.000000,1.000000,1.000000,0.000000,0.999831,0.999815,0.999864,0.999814,0.999814,0.999864,0.003273,0.494432,0.999514,0.999380,0.999590,0.999570,0.999380,0.999590,0.013372,0.474672
16:00:00,64.000000,0.000000,0.999646,1.000000,0.405197,0.999646,1.000000,0.405197,1.000000,1.000000,1.000000,1.000000,1.000000,1.000000,0.000000,0.999875,0.999882,0.999884,0.999857,0.999857,0.999884,0.001766,0.405197,0.999683,0.999647,0.999755,0.999646,0.999646,0.999755,0.007212,0.283610
16:15:00,65.000000,0.000000,0.999603,1.000000,0.400310,0.999603,1.000000,0.400310,1.000000,1.000000,1.000000,1.000000,1.000000,1.000000,0.000000,0.999838,0.999844,0.999840,0.999831,0.999831,0.999844,0.000792,0.400310,0.999628,0.999623,0.999658,0.999603,0.999603,0.999658,0.003235,0.299552
16:30:00,66.000000,0.000000,0.999423,1.000000,0.503009,0.999423,1.000000,0.503009,1.000000,1.000000,1.000000,1.000000,1.000000,1.000000,0.000000,0.999875,0.999923,0.999832,0.999869,0.999832,0.999923,0.005333,0.503009,0.999616,0.999800,0.999624,0.999423,0.999423,0.999800,0.021787,0.455758
16:45:00,67.000000,0.000000,0.999527,1.000000,0.449023,0.999527,1.000000,0.449023,1.000000,1.000000,1.000000,1.000000,1.000000,1.000000,0.000000,0.999871,0.999896,0.999889,0.999829,0.999829,0.999896,0.004277,0.449023,0.999639,0.999579,0.999811,0.999527,0.999527,0.999811,0.017473,0.431372
17:00:00,68.000000,0.000000,0.999378,1.000000,0.518107,0.999378,1.000000,0.518107,1.000000,1.000000,1.000000,1.000000,1.000000,1.000000,0.000000,0.999871,0.999924,0.999830,0.999860,0.999830,0.999924,0.005538,0.518107,0.999587,0.999766,0.999618,0.999378,0.999378,0.999766,0.022625,0.479113
17:15:00,69.000000,0.000000,0.998683,1.000000,1.098696,0.998683,1.000000,1.098696,1.000000,1.000000,1.000000,1.000000,1.000000,1.000000,0.000000,0.999748,0.999845,0.999713,0.999687,0.999687,0.999845,0.009786,0.771966,0.999082,0.999250,0.999311,0.998683,0.998683,0.999311,0.039997,1.098696
17:30:00,70.000000,0.000000,0.998976,1.000000,0.942121,0.998976,1.000000,0.942121,1.000000,1.000000,1.000000,1.000000,1.000000,1.000000,0.000000,0.999800,0.999812,0.999726,0.999862,0.999726,0.999862,0.008000,0.652699,0.999244,0.999540,0.998976,0.999215,0.998976,0.999540,0.032693,0.942121
17:45:00,71.000000,0.000000,0.998493,1.000000,1.311937,0.998493,1.000000,1.311937,1.000000,1.000000,1.000000,1.000000,1.000000,1.000000,0.000000,0.999707,0.999770,0.999693,0.999657,0.999657,0.999770,0.006655,0.849741,0.998756,0.998830,0.998945,0.998493,0.998493,0.998945,0.027207,1.311937
18:00:00,72.000000,0.000000,0.982700,1.000000,18.623963,0.982700,1.000000,18.623963,1.000000,1.000000,1.000000,1.000000,1.000000,1.000000,0.000000,0.998997,0.999939,0.999214,0.997840,0.997840,0.999939,0.123220,7.677326,0.986756,0.986230,0.991356,0.982700,0.982700,0.991356,0.509525,18.623963
18:15:00,73.000000,0.000000,0.982344,1.000203,19.138923,0.982344,1.000203,19.138923,1.000000,1.000000,1.000000,1.000000,1.000000,1.000000,0.000000,0.999036,1.000203,0.999275,0.997632,0.997632,1.000203,0.150439,7.889608,0.987357,0.986824,0.992931,0.982344,0.982344,0.992931,0.621725,19.138923
18:30:00,74.000000,0.000000,0.982988,1.000000,18.631992,0.982988,1.000000,18.631992,1.000000,1.000000,1.000000,1.000000,1.000000,1.000000,0.000000,0.998989,0.999983,0.999314,0.997672,0.997672,0.999983,0.137451,7.680636,0.987296,0.986365,0.992558,0.982988,0.982988,0.992558,0.568057,18.631992
18:45:00,75.000000,0.000000,0.983044,1.000069,18.489684,0.983044,1.000069,18.489684,1.000000,1.000000,1.000000,1.000000,1.000000,1.000000,0.000000,0.998980,1.000069,0.999295,0.997579,0.997579,1.000069,0.147273,7.621973,0.987747,0.986889,0.993336,0.983044,0.983044,0.993336,0.608366,18.489684
19:00:00,76.000000,0.000000,0.998979,1.006963,6.829784,0.998979,1.006963,6.829784,1.000000,1.000000,1.000000,1.000000,1.000000,1.000000,0.000000,1.000010,1.000638,1.000415,0.998979,0.998979,1.000638,0.103920,2.815424,1.002796,1.001421,1.006963,1.000018,1.000018,1.006963,0.423274,6.829784
19:15:00,77.000000,0.000000,0.999503,1.009564,10.723410,0.999503,1.009564,10.723410,1.000000,1.000000,1.000000,1.000000,1.000000,1.000000,0.000000,1.000214,0.999503,1.000122,1.001018,0.999503,1.001018,0.087900,4.420486,1.006524,1.006669,1.003349,1.009564,1.003349,1.009564,0.356767,10.723410
19:30:00,78.000000,0.000000,0.998361,1.013487,12.605276,0.998361,1.013487,12.605276,1.000000,1.000000,1.000001,0.999999,0.999999,1.000001,0.000000,1.000233,0.998361,1.001573,1.000769,0.998361,1.001573,0.192901,5.586741,1.005981,1.000157,1.004344,1.013487,1.000157,1.013487,0.783387,12.605276
19:45:00,79.000000,0.000000,0.998367,1.013765,12.918927,0.998367,1.013765,12.918927,1.000000,1.000000,1.000001,0.999999,0.999999,1.000001,0.000000,1.000235,0.998367,1.001563,1.000778,0.998367,1.001563,0.192173,5.712552,1.006274,1.000501,1.004603,1.013765,1.000501,1.013765,0.780202,12.918927
20:00:00,80.000000,0.000000,0.999631,1.014508,16.457071,0.999631,1.014508,16.457071,1.000000,1.000000,1.000000,1.000000,1.000000,1.000000,0.000000,1.000586,1.000217,1.001912,0.999631,0.999631,1.001912,0.136710,6.784062,1.010340,1.005033,1.014508,1.011503,1.005033,1.014508,0.552988,16.457071
20:15:00,81.000000,0.000000,0.999003,1.019451,20.221571,0.999003,1.019451,20.221571,1.000000,1.000000,1.000001,1.000000,1.000000,1.000001,0.000000,1.000689,0.999003,1.000915,1.002153,0.999003,1.002153,0.183071,8.335894,1.012380,1.011001,1.006731,1.019451,1.006731,1.019451,0.739101,20.221571
20:30:00,82.000000,0.000000,0.998979,1.009752,9.022374,0.998979,1.009752,9.022374,1.000000,1.000000,1.000000,1.000000,1.000000,1.000000,0.000000,1.000220,1.001170,1.000513,0.998979,0.998979,1.001170,0.129762,3.981286,1.004797,1.003971,1.009752,1.000690,1.000690,1.009752,0.527586,9.022374
20:45:00,83.000000,0.000000,0.998172,1.015617,14.503973,0.998172,1.015617,14.503973,1.000000,1.000000,1.000001,0.999999,0.999999,1.000001,0.000000,1.000309,0.998172,1.001853,1.000906,0.998172,1.001853,0.220598,6.507411,1.007051,1.000350,1.005247,1.015617,1.000350,1.015617,0.894983,14.503973
21:00:00,84.000000,0.000000,0.983978,1.000000,17.205842,0.983978,1.000000,17.205842,1.000000,1.000000,1.000000,1.000000,1.000000,1.000000,0.000000,0.998980,0.999274,0.997799,0.999869,0.997799,0.999869,0.123172,7.092737,0.987833,0.992552,0.983978,0.986987,0.983978,0.992552,0.508762,17.205842
21:15:00,85.000000,0.000000,0.983527,1.000073,18.222742,0.983527,1.000073,18.222742,1.000000,1.000000,1.000000,1.000000,1.000000,1.000000,0.000000,0.999079,0.997738,1.000073,0.999428,0.997738,1.000073,0.139324,7.511932,0.987841,0.983527,0.986818,0.993203,0.983527,0.993203,0.575532,18.222742
21:30:00,86.000000,0.000000,0.980481,1.000000,20.000427,0.980481,1.000000,20.000427,1.000000,1.000000,1.000000,1.000000,1.000000,1.000000,0.000000,0.998613,0.998764,0.998517,0.998559,0.998517,0.998764,0.015270,8.644273,0.981088,0.981514,0.981268,0.980481,0.980481,0.981514,0.063481,20.000427
21:45:00,87.000000,0.000000,0.983664,1.000098,18.145821,0.983664,1.000098,18.145821,1.000000,1.000000,1.000000,1.000000,1.000000,1.000000,0.000000,0.999096,0.997740,1.000098,0.999450,0.997740,1.000098,0.140762,7.480223,0.988019,0.983664,0.986980,0.993438,0.983664,0.993438,0.581377,18.145821
22:00:00,88.000000,0.000000,0.983528,1.000015,18.365546,0.983528,1.000015,18.365546,1.000000,1.000000,1.000000,1.000000,1.000000,1.000000,0.000000,0.999062,1.000015,0.999464,0.997708,0.997708,1.000015,0.139201,7.570800,0.987687,0.986442,0.993115,0.983528,0.983528,0.993115,0.575101,18.365546
22:15:00,89.000000,0.000000,0.982460,1.000000,19.448096,0.982460,1.000000,19.448096,1.000000,1.000000,1.000000,1.000000,1.000000,1.000000,0.000000,0.998952,0.999942,0.999366,0.997548,0.997548,0.999942,0.144378,8.017057,0.986782,0.985503,0.992407,0.982460,0.982460,0.992407,0.596972,19.448096
22:30:00,90.000000,0.000000,0.988195,1.000639,11.140473,0.988195,1.000639,11.140473,1.000000,1.000000,1.000000,1.000000,1.000000,1.000000,0.000000,0.999346,0.998289,0.999112,1.000639,0.998289,1.000639,0.137820,5.341083,0.993328,0.993923,0.988195,0.997889,0.988195,0.997889,0.566326,11.140473
22:45:00,91.000000,0.000000,0.981565,1.000000,19.662511,0.981565,1.000000,19.662511,1.000000,1.000000,1.000000,1.000000,1.000000,1.000000,0.000000,0.998312,0.999227,0.998724,0.996987,0.996987,0.999227,0.135900,8.105445,0.985558,0.984251,0.990880,0.981565,0.981565,0.990880,0.562257,19.662511
23:00:00,92.000000,0.000000,0.967046,1.000688,32.209498,0.967046,1.000688,32.209498,1.000000,1.000001,0.999999,1.000000,0.999999,1.000001,0.000000,0.998077,1.000688,0.997394,0.996155,0.996155,1.000688,0.271137,13.765646,0.977880,0.981466,0.985220,0.967046,0.967046,0.985220,1.130309,32.209498
23:15:00,93.000000,0.000000,0.983356,1.000145,18.167378,0.983356,1.000145,18.167378,1.000000,1.000000,1.000000,1.000000,1.000000,1.000000,0.000000,0.999053,1.000145,0.999346,0.997669,0.997669,1.000145,0.146058,7.489109,0.988072,0.987301,0.993584,0.983356,0.983356,0.993584,0.603191,18.167378
23:30:00,94.000000,0.000000,0.989413,1.000492,10.272604,0.989413,1.000492,10.272604,1.000000,1.000000,1.000000,1.000000,1.000000,1.000000,0.000000,0.999371,0.998382,0.999241,1.000492,0.998382,1.000492,0.122582,4.847386,0.993838,0.994047,0.989413,0.998073,0.989413,0.998073,0.503462,10.272604
23:45:00,95.000000,0.000000,0.983502,1.000158,18.057817,0.983502,1.000158,18.057817,1.000000,1.000000,1.000000,1.000000,1.000000,1.000000,0.000000,0.999104,1.000158,0.999402,0.997752,0.997752,1.000158,0.142221,7.443945,0.988061,0.987257,0.993449,0.983502,0.983502,0.993449,0.587382,18.057817
