Quasi-Dynamic Simulation AC unbalanced,Quasi-Dynamic Simulation AC unbalanced,Quasi-Dynamic Simulation AC unbalanced,Summary Grid,Summary Grid,Summary Grid,Grid,Grid,Grid,Terminal,Terminal,Terminal,Terminal,Terminal,Terminal,Terminal,Terminal(3),Terminal(3),Terminal(3),Terminal(3),Terminal(3),Terminal(3),Terminal(3),2-Winding Transformer,Terminal(4),Terminal(4),Terminal(4),Terminal(4),Terminal(4),Terminal(4),Terminal(4),Line
"Time in s","Number","Load flow calculation failed.","umin in p.u.","umax in p.u.","Max. Loading in %","umin in p.u.","umax in p.u.","Max. Loading in %","u1, Magnitude in p.u.","upht, Magnitude C in p.u.","upht, Magnitude B in p.u.","upht, Magnitude A in p.u.","uphtmin, Magnitude in p.u.","uphtmax, Magnitude in p.u.","Unbalance Factor in %","u1, Magnitude in p.u.","upht, Magnitude C in p.u.","upht, Magnitude B in p.u.","upht, Magnitude A in p.u.","uphtmin, Magnitude in p.u.","uphtmax, Magnitude in p.u.","Unbalance Factor in %","Loading in %","u1, Magnitude in p.u.","upht, Magnitude C in p.u.","upht, Magnitude B in p.u.","upht, Magnitude A in p.u.","uphtmin, Magnitude in p.u.","uphtmax, Magnitude in p.u.","Unbalance Factor in %","Max. Loading in %"
2014.01.01 00:00:00,0.000000,0.000000,0.989087,1.000543,10.316165,0.989087,1.000543,10.316165,1.000000,1.000000,1.000000,1.000000,1.000000,1.000000,0.000000,0.999377,0.998405,0.999184,1.000543,0.998405,1.000543,0.125019,4.964390,0.993710,0.994167,0.989087,0.997894,0.989087,0.997894,0.513540,10.316165
2014.01.01 00:15:00,1.000000,0.000000,0.988559,1.000743,10.361269,0.988559,1.000743,10.361269,1.000000,1.000000,1.000000,1.000000,1.000000,1.000000,0.000000,0.999409,0.998427,0.999058,1.000743,0.998427,1.000743,0.138372,5.134453,0.993893,0.994969,0.988559,0.998173,0.988559,0.998173,0.568307,10.361269
2014.01.01 00:30:00,2.000000,0.000000,0.988551,1.000758,10.143523,0.988551,1.000758,10.143523,1.000000,1.000000,1.000000,1.000000,1.000000,1.000000,0.000000,0.999417,1.000758,0.998541,0.998955,0.998541,1.000758,0.136236,5.080248,0.993945,0.997818,0.995491,0.988551,0.988551,0.997818,0.559508,10.143523
2014.01.01 00:45:00,3.000000,0.000000,0.988477,1.000860,10.344595,0.988477,1.000860,10.344595,1.000000,1.000000,1.000000,1.000000,1.000000,1.000000,0.000000,0.999467,0.999087,1.000860,0.998456,0.998456,1.000860,0.144019,5.191201,0.994048,0.988477,0.998464,0.995229,0.988477,0.998464,0.591440,10.344595
2014.01.01 01:00:00,4.000000,0.000000,0.988933,1.000834,9.982150,0.988933,1.000834,9.982150,1.000000,1.000000,1.000000,1.000000,1.000000,1.000000,0.000000,0.999514,0.998590,0.999119,1.000834,0.998590,1.000834,0.135572,4.994814,0.994227,0.995494,0.988933,0.998277,0.988933,0.998277,0.556676,9.982150
2014.01.01 01:15:00,5.000000,0.000000,0.988899,1.000729,10.235391,0.988899,1.000729,10.235391,1.000000,1.000000,1.000000,1.000000,1.000000,1.000000,0.000000,0.999448,0.998447,0.999168,1.000729,0.998447,1.000729,0.134806,5.042841,0.994003,0.994796,0.988899,0.998338,0.988899,0.998338,0.553619,10.235391
2014.01.01 01:30:00,6.000000,0.000000,0.988963,1.000828,9.915217,0.988963,1.000828,9.915217,1.000000,1.000000,1.000000,1.000000,1.000000,1.000000,0.000000,0.999489,0.999128,1.000828,0.998514,0.998514,1.000828,0.138496,4.986567,0.994316,0.988963,0.998572,0.995436,0.988963,0.998572,0.568617,9.915217
2014.01.01 01:45:00,7.000000,0.000000,0.988733,1.000884,10.101805,0.988733,1.000884,10.101805,1.000000,1.000000,1.000000,1.000000,1.000000,1.000000,0.000000,0.999503,0.999100,1.000884,0.998526,0.998526,1.000884,0.142074,5.077993,0.994266,0.988733,0.998543,0.995548,0.988733,0.998543,0.583343,10.101805
2014.01.01 02:00:00,8.000000,0.000000,0.999006,1.008610,8.084509,0.999006,1.008610,8.084509,1.000000,1.000000,1.000000,1.000000,1.000000,1.000000,0.000000,1.000126,0.999006,1.001000,1.000374,0.999006,1.001000,0.117712,3.533376,1.004141,1.000371,1.003460,1.008610,1.000371,1.008610,0.478861,8.084509
2014.01.01 02:15:00,9.000000,0.000000,0.989168,1.000857,9.756871,0.989168,1.000857,9.756871,1.000000,1.000000,1.000000,1.000000,1.000000,1.000000,0.000000,0.999525,0.999154,1.000857,0.998564,0.998564,1.000857,0.137598,4.906594,0.994500,0.989168,0.998700,0.995657,0.989168,0.998700,0.564844,9.756871
2014.01.01 02:30:00,10.000000,0.000000,0.998969,1.009996,9.200071,0.998969,1.009996,9.200071,1.000000,1.000000,1.000000,1.000000,1.000000,1.000000,0.000000,1.000233,0.998969,1.001133,1.000600,0.998969,1.001133,0.130097,4.040357,1.004927,1.001011,1.003796,1.009996,1.001011,1.009996,0.528887,9.200071
2014.01.01 02:45:00,11.000000,0.000000,0.998832,1.010130,9.462996,0.998832,1.010130,9.462996,1.000000,1.000000,1.000000,1.000000,1.000000,1.000000,0.000000,1.000165,0.998832,1.001167,1.000496,0.998832,1.001167,0.138757,4.173318,1.004804,1.000463,1.003844,1.010130,1.000463,1.010130,0.564123,9.462996
2014.01.01 03:00:00,12.000000,0.000000,0.989091,1.000871,9.866211,0.989091,1.000871,9.866211,1.000000,1.000000,1.000000,1.000000,1.000000,1.000000,0.000000,0.999531,0.999169,1.000871,0.998556,0.998556,1.000871,0.138602,4.952608,0.994448,0.989091,0.998707,0.995570,0.989091,0.998707,0.569000,9.866211
2014.01.01 03:15:00,13.000000,0.000000,0.988681,1.000836,10.108384,0.988681,1.000836,10.108384,1.000000,1.000000,1.000000,1.000000,1.000000,1.000000,0.000000,0.999483,0.999101,1.000836,0.998514,0.998514,1.000836,0.139503,5.102830,0.994097,0.988681,0.998334,0.995300,0.988681,0.998334,0.572874,10.108384
2014.01.01 03:30:00,14.000000,0.000000,0.988842,1.000869,10.023736,0.988842,1.000869,10.023736,1.000000,1.000000,1.000000,1.000000,1.000000,1.000000,0.000000,0.999517,0.999159,1.000869,0.998523,0.998523,1.000869,0.140222,5.064664,0.994248,0.988842,0.998584,0.995345,0.988842,0.998584,0.575758,10.023736
2014.01.01 03:45:00,15.000000,0.000000,0.988906,1.000762,9.962786,0.988906,1.000762,9.962786,1.000000,1.000000,1.000000,1.000000,1.000000,1.000000,0.000000,0.999462,0.999107,1.000762,0.998519,0.998519,1.000762,0.134414,5.000618,0.994106,0.988906,0.998226,0.995211,0.988906,0.998226,0.551961,9.962786
2014.01.01 04:00:00,16.000000,0.000000,0.988987,1.000832,9.881706,0.988987,1.000832,9.881706,1.000000,1.000000,1.000000,1.000000,1.000000,1.000000,0.000000,0.999513,0.998548,0.999160,1.000832,0.998548,1.000832,0.136609,4.995973,0.994261,0.995349,0.988987,0.998471,0.988987,0.998471,0.560916,9.881706
2014.01.01 04:15:00,17.000000,0.000000,0.988756,1.000909,10.127668,0.988756,1.000909,10.127668,1.000000,1.000000,1.000000,1.000000,1.000000,1.000000,0.000000,0.999517,1.000909,0.998487,0.999156,0.998487,1.000909,0.144556,5.102777,0.994320,0.998809,0.995422,0.988756,0.988756,0.998809,0.593511,10.127668
2014.01.01 04:30:00,18.000000,0.000000,0.987444,1.000882,11.133085,0.987444,1.000882,11.133085,1.000000,1.000000,0.999999,1.000000,0.999999,1.000000,0.000000,0.999383,1.000882,0.998348,0.998922,0.998348,1.000882,0.153549,5.579158,0.993456,0.998002,0.994952,0.987444,0.987444,0.998002,0.630900,11.133085
2014.01.01 04:45:00,19.000000,0.000000,0.987576,1.000947,11.220325,0.987576,1.000947,11.220325,1.000000,1.000000,0.999999,1.000000,0.999999,1.000000,0.000000,0.999445,1.000947,0.998334,0.999055,0.998334,1.000947,0.155968,5.597419,0.993579,0.998421,0.994771,0.987576,0.987576,0.998421,0.640796,11.220325
2014.01.01 05:00:00,20.000000,0.000000,0.986857,1.001018,11.779390,0.986857,1.001018,11.779390,1.000000,1.000000,0.999999,1.000000,0.999999,1.000000,0.000000,0.999428,1.001018,0.998293,0.998974,0.998293,1.001018,0.163943,5.886382,0.993227,0.998194,0.994664,0.986857,0.986857,0.998194,0.673791,11.779390
2014.01.01 05:15:00,21.000000,0.000000,0.986387,1.001059,12.305920,0.986387,1.001059,12.305920,1.000000,1.000000,0.999999,1.000001,0.999999,1.000001,0.000000,0.999413,1.001059,0.998194,0.998990,0.998194,1.001059,0.170903,6.120120,0.992959,0.998277,0.994249,0.986387,0.986387,0.998277,0.702577,12.305920
2014.01.01 05:30:00,22.000000,0.000000,0.985197,1.001181,13.329262,0.985197,1.001181,13.329262,1.000000,1.000000,0.999999,1.000001,0.999999,1.000001,0.000000,0.999369,1.001181,0.998045,0.998884,0.998045,1.001181,0.187631,6.616595,0.992440,0.998223,0.993944,0.985197,0.985197,0.998223,0.771711,13.329262
2014.01.01 05:45:00,23.000000,0.000000,0.985192,1.001195,13.327692,0.985192,1.001195,13.327692,1.000000,1.000000,0.999999,1.000001,0.999999,1.000001,0.000000,0.999387,1.001195,0.998085,0.998885,0.998085,1.001195,0.186643,6.619244,0.992424,0.998122,0.994002,0.985192,0.985192,0.998122,0.767676,13.327692
2014.01.01 06:00:00,24.000000,0.000000,0.998920,1.010567,9.721588,0.998920,1.010567,9.721588,1.000000,1.000000,1.000000,1.000000,1.000000,1.000000,0.000000,1.000253,1.001236,1.000605,0.998920,0.998920,1.001236,0.138200,4.307328,1.005232,1.004187,1.010567,1.000966,1.000966,1.010567,0.561672,9.721588
2014.01.01 06:15:00,25.000000,0.000000,0.998914,1.009755,9.308303,0.998914,1.009755,9.308303,1.000000,1.000000,1.000000,1.000000,1.000000,1.000000,0.000000,1.000134,1.000510,0.998914,1.000979,0.998914,1.000979,0.124974,3.984449,1.004856,1.009755,1.001167,1.003664,1.001167,1.009755,0.508048,9.308303
2014.01.01 06:30:00,26.000000,0.000000,0.998452,1.014400,13.637000,0.998452,1.014400,13.637000,1.000000,0.999999,1.000000,1.000001,0.999999,1.000001,0.000000,1.000254,1.000793,0.998452,1.001521,0.998452,1.001521,0.185041,6.005064,1.007167,1.014400,1.001655,1.005489,1.001655,1.014400,0.750596,13.637000
2014.01.01 06:45:00,27.000000,0.000000,0.996354,1.004584,8.536336,0.996354,1.004584,8.536336,1.000000,1.000000,1.000000,1.000000,1.000000,1.000000,0.000000,0.998971,1.000009,0.997997,0.998910,0.997997,1.000009,0.116458,3.839033,1.000442,1.004584,1.000404,0.996354,0.996354,1.004584,0.474964,8.536336
2014.01.01 07:00:00,28.000000,0.000000,0.998706,1.009496,9.212947,0.998706,1.009496,9.212947,1.000000,1.000000,1.000000,1.000000,1.000000,1.000000,0.000000,1.000066,1.000603,0.998706,1.000891,0.998706,1.000891,0.136983,3.802936,1.004000,1.009496,1.000351,1.002175,1.000351,1.009496,0.557301,9.212947
2014.01.01 07:15:00,29.000000,0.000000,0.998784,1.010058,9.533750,0.998784,1.010058,9.533750,1.000000,1.000000,1.000000,1.000000,1.000000,1.000000,0.000000,1.000141,1.001040,1.000602,0.998784,0.998784,1.001040,0.138060,4.068836,1.004596,1.003096,1.010058,1.000656,1.000656,1.010058,0.561394,9.533750
2014.01.01 07:30:00,30.000000,0.000000,0.999000,1.007520,7.391511,0.999000,1.007520,7.391511,1.000000,1.000000,1.000000,1.000000,1.000000,1.000000,0.000000,1.000092,1.001033,1.000245,0.999000,0.999000,1.001033,0.118375,3.109010,1.003189,1.002905,1.007520,0.999162,0.999162,1.007520,0.482000,7.391511
2014.01.01 07:45:00,31.000000,0.000000,0.995697,1.008231,9.343005,0.995697,1.008231,9.343005,1.000000,1.000000,0.999999,1.000000,0.999999,1.000000,0.000000,1.000024,1.001624,0.999912,0.998537,0.998537,1.001624,0.178615,3.851444,1.002434,1.003412,1.008231,0.995697,0.995697,1.008231,0.727785,9.343005
2014.01.01 08:00:00,32.000000,0.000000,0.998845,1.008237,8.544071,0.998845,1.008237,8.544071,1.000000,1.000000,1.000000,1.000000,1.000000,1.000000,0.000000,0.999914,1.000285,0.998845,1.000613,0.998845,1.000613,0.108593,3.522102,1.003931,1.008237,1.000862,1.002708,1.000862,1.008237,0.441762,8.544071
2014.01.01 08:15:00,33.000000,0.000000,0.995848,1.003515,8.061000,0.995848,1.003515,8.061000,1.000000,1.000000,1.000000,1.000000,1.000000,1.000000,0.000000,0.999031,0.999379,0.997936,0.999780,0.997936,0.999780,0.112052,3.335834,0.999111,1.003515,0.995848,0.997985,0.995848,1.003515,0.457628,8.061000
2014.01.01 08:30:00,34.000000,0.000000,0.998644,1.009554,9.591267,0.998644,1.009554,9.591267,1.000000,1.000000,1.000000,1.000000,1.000000,1.000000,0.000000,0.999968,1.000273,0.998644,1.000988,0.998644,1.000988,0.138671,4.072225,1.004269,1.009554,0.999865,1.003412,0.999865,1.009554,0.563962,9.591267
2014.01.01 08:45:00,35.000000,0.000000,0.998916,1.008877,8.544723,0.998916,1.008877,8.544723,1.000000,1.000000,1.000000,1.000000,1.000000,1.000000,0.000000,1.000077,1.000408,0.998916,1.000909,0.998916,1.000909,0.119702,3.636994,1.004222,1.008877,1.000603,1.003204,1.000603,1.008877,0.486895,8.544723
2014.01.01 09:00:00,36.000000,0.000000,0.998901,1.010011,9.495486,0.998901,1.010011,9.495486,1.000000,1.000000,1.000000,1.000000,1.000000,1.000000,0.000000,1.000157,1.000564,0.998901,1.001008,0.998901,1.001008,0.128243,4.069936,1.004959,1.010011,1.001236,1.003650,1.001236,1.010011,0.521296,9.495486
2014.01.01 09:15:00,37.000000,0.000000,0.998881,1.010270,9.581027,0.998881,1.010270,9.581027,1.000000,1.000000,1.000000,1.000000,1.000000,1.000000,0.000000,1.000227,1.001262,1.000538,0.998881,0.998881,1.001262,0.140860,4.210552,1.004900,1.004030,1.010270,1.000426,1.000426,1.010270,0.572652,9.581027
2014.01.01 09:30:00,38.000000,0.000000,0.998926,1.010183,9.391889,0.998926,1.010183,9.391889,1.000000,1.000000,1.000000,1.000000,1.000000,1.000000,0.000000,1.000213,1.000551,0.998926,1.001165,0.998926,1.001165,0.133473,4.160902,1.005034,1.010183,1.000909,1.004034,1.000909,1.010183,0.542542,9.391889
2014.01.01 09:45:00,39.000000,0.000000,0.998847,1.010212,9.544953,0.998847,1.010212,9.544953,1.000000,1.000000,1.000000,1.000000,1.000000,1.000000,0.000000,1.000181,1.000584,0.998847,1.001113,0.998847,1.001113,0.136801,4.152338,1.004859,1.010212,1.000795,1.003593,1.000795,1.010212,0.556151,9.544953
2014.01.01 10:00:00,40.000000,0.000000,0.998927,1.009947,9.206951,0.998927,1.009947,9.206951,1.000000,1.000000,1.000000,1.000000,1.000000,1.000000,0.000000,1.000195,1.000526,0.998927,1.001134,0.998927,1.001134,0.131576,4.064854,1.004873,1.009947,1.000802,1.003891,1.000802,1.009947,0.534907,9.206951
2014.01.01 10:15:00,41.000000,0.000000,0.998906,1.010454,9.607757,0.998906,1.010454,9.607757,1.000000,1.000000,1.000000,1.000000,1.000000,1.000000,0.000000,1.000240,1.001229,1.000587,0.998906,0.998906,1.001229,0.138447,4.265865,1.005118,1.004094,1.010454,1.000830,1.000830,1.010454,0.562730,9.607757
2014.01.01 10:30:00,42.000000,0.000000,0.999675,1.000000,0.399815,0.999675,1.000000,0.399815,1.000000,1.000000,1.000000,1.000000,1.000000,1.000000,0.000000,0.999887,0.999906,0.999904,0.999851,0.999851,0.999906,0.003590,0.399815,0.999759,0.999697,0.999905,0.999675,0.999675,0.999905,0.014664,0.317058
2014.01.01 10:45:00,43.000000,0.000000,0.999287,1.000000,0.551362,0.999287,1.000000,0.551362,1.000000,1.000000,1.000000,1.000000,1.000000,1.000000,0.000000,0.999820,0.999776,0.999878,0.999806,0.999776,0.999878,0.006073,0.526262,0.999530,0.999287,0.999605,0.999697,0.999287,0.999697,0.024810,0.551362
2014.01.01 11:00:00,44.000000,0.000000,0.999576,1.000000,0.420408,0.999576,1.000000,0.420408,1.000000,1.000000,1.000000,1.000000,1.000000,1.000000,0.000000,0.999873,0.999902,0.999864,0.999851,0.999851,0.999902,0.003043,0.420408,0.999698,0.999740,0.999778,0.999576,0.999576,0.999778,0.012430,0.300788
2014.01.01 11:15:00,45.000000,0.000000,0.999229,1.000000,0.707638,0.999229,1.000000,0.707638,1.000000,1.000000,1.000000,1.000000,1.000000,1.000000,0.000000,0.999831,0.999824,0.999916,0.999753,0.999753,0.999916,0.009452,0.567065,0.999564,0.999229,0.999898,0.999567,0.999229,0.999898,0.038615,0.707638
2014.01.01 11:30:00,46.000000,0.000000,0.999610,1.000000,0.415911,0.999610,1.000000,0.415911,1.000000,1.000000,1.000000,1.000000,1.000000,1.000000,0.000000,0.999884,0.999874,0.999872,0.999907,0.999872,0.999907,0.002271,0.415911,0.999702,0.999748,0.999610,0.999749,0.999610,0.999749,0.009278,0.288009
2014.01.01 11:45:00,47.000000,0.000000,0.999519,1.000000,0.447206,0.999519,1.000000,0.447206,1.000000,1.000000,1.000000,1.000000,1.000000,1.000000,0.000000,0.999850,0.999853,0.999887,0.999811,0.999811,0.999887,0.004416,0.447206,0.999663,0.999519,0.999829,0.999640,0.999519,0.999829,0.018040,0.408426
2014.01.01 12:00:00,48.000000,0.000000,0.999526,1.000000,0.463099,0.999526,1.000000,0.463099,1.000000,1.000000,1.000000,1.000000,1.000000,1.000000,0.000000,0.999877,0.999893,0.999845,0.999894,0.999845,0.999894,0.003237,0.463099,0.999602,0.999733,0.999526,0.999545,0.999526,0.999733,0.013226,0.437862
2014.01.01 12:15:00,49.000000,0.000000,0.999670,1.000000,0.392335,0.999670,1.000000,0.392335,1.000000,1.000000,1.000000,1.000000,1.000000,1.000000,0.000000,0.999877,0.999891,0.999862,0.999880,0.999862,0.999891,0.001670,0.392335,0.999721,0.999786,0.999708,0.999670,0.999670,0.999786,0.006820,0.233776
2014.01.01 12:30:00,50.000000,0.000000,0.999279,1.000000,0.619904,0.999279,1.000000,0.619904,1.000000,1.000000,1.000000,1.000000,1.000000,1.000000,0.000000,0.999829,0.999836,0.999759,0.999891,0.999759,0.999891,0.007624,0.528907,0.999544,0.999818,0.999279,0.999534,0.999279,0.999818,0.031149,0.619904
2014.01.01 12:45:00,51.000000,0.000000,0.999009,1.000000,0.825223,0.999009,1.000000,0.825223,1.000000,1.000000,1.000000,1.000000,1.000000,1.000000,0.000000,0.999852,0.999809,0.999803,0.999945,0.999803,0.999945,0.009264,0.658563,0.999387,0.999566,0.999009,0.999586,0.999009,0.999586,0.037856,0.825223
2014.01.01 13:00:00,52.000000,0.000000,0.999537,1.000000,0.458652,0.999537,1.000000,0.458652,1.000000,1.000000,1.000000,1.000000,1.000000,1.000000,0.000000,0.999877,0.999903,0.999844,0.999883,0.999844,0.999903,0.003447,0.458652,0.999637,0.999773,0.999602,0.999537,0.999537,0.999773,0.014081,0.390711
2014.01.01 13:15:00,53.000000,0.000000,0.999597,1.000000,0.424667,0.999597,1.000000,0.424667,1.000000,1.000000,1.000000,1.000000,1.000000,1.000000,0.000000,0.999875,0.999856,0.999885,0.999884,0.999856,0.999885,0.001926,0.424667,0.999643,0.999597,0.999611,0.999721,0.999597,0.999721,0.007868,0.336170
2014.01.01 13:30:00,54.000000,0.000000,0.999250,1.000000,0.784006,0.999250,1.000000,0.784006,1.000000,1.000000,1.000000,1.000000,1.000000,1.000000,0.000000,0.999830,0.999861,0.999884,0.999744,0.999744,0.999884,0.008681,0.580032,0.999454,0.999250,0.999807,0.999304,0.999250,0.999807,0.035470,0.784006
2014.01.01 13:45:00,55.000000,0.000000,0.995442,1.000000,4.881711,0.995442,1.000000,4.881711,1.000000,1.000000,1.000000,1.000000,1.000000,1.000000,0.000000,0.999384,0.999125,0.999488,0.999541,0.999125,0.999541,0.026152,2.153694,0.996021,0.995534,0.995442,0.997087,0.995442,0.997087,0.107176,4.881711
2014.01.01 14:00:00,56.000000,0.000000,0.996790,1.000000,3.562361,0.996790,1.000000,3.562361,1.000000,1.000000,1.000000,1.000000,1.000000,1.000000,0.000000,0.999461,0.999561,0.999609,0.999214,0.999214,0.999609,0.024888,1.573482,0.997337,0.996790,0.998352,0.996870,0.996790,0.998352,0.101871,3.562361
2014.01.01 14:15:00,57.000000,0.000000,0.996759,1.000000,3.581390,0.996759,1.000000,3.581390,1.000000,1.000000,1.000000,1.000000,1.000000,1.000000,0.000000,0.999527,0.999607,0.999785,0.999188,0.999188,0.999785,0.035411,1.602932,0.997746,0.996759,0.999154,0.997326,0.996759,0.999154,0.144890,3.581390
2014.01.01 14:30:00,58.000000,0.000000,0.997638,1.000000,2.161611,0.997638,1.000000,2.161611,1.000000,1.000000,1.000000,1.000000,1.000000,1.000000,0.000000,0.999698,0.999866,0.999674,0.999555,0.999555,0.999866,0.018120,1.198820,0.998339,0.998487,0.998894,0.997638,0.997638,0.998894,0.074111,2.161611
2014.01.01 14:45:00,59.000000,0.000000,0.998435,1.000000,1.394871,0.998435,1.000000,1.394871,1.000000,1.000000,1.000000,1.000000,1.000000,1.000000,0.000000,0.999732,0.999821,0.999724,0.999652,0.999652,0.999821,0.009765,0.873260,0.998807,0.998867,0.999118,0.998435,0.998435,0.999118,0.039923,1.394871
2014.01.01 15:00:00,60.000000,0.000000,0.996327,1.000000,3.464092,0.996327,1.000000,3.464092,1.000000,1.000000,1.000000,1.000000,1.000000,1.000000,0.000000,0.999598,0.999817,0.999564,0.999414,0.999414,0.999817,0.023489,1.736766,0.997240,0.997445,0.997950,0.996327,0.996327,0.997950,0.096165,3.464092
2014.01.01 15:15:00,61.000000,0.000000,0.996648,1.000075,3.017529,0.996648,1.000075,3.017529,1.000000,1.000000,1.000000,1.000000,1.000000,1.000000,0.000000,0.999749,0.999576,0.999596,1.000075,0.999576,1.000075,0.032672,1.648676,0.997975,0.998521,0.996648,0.998759,0.996648,0.998759,0.133684,3.017529
2014.01.01 15:30:00,62.000000,0.000000,0.999708,1.000000,0.369067,0.999708,1.000000,0.369067,1.000000,1.000000,1.000000,1.000000,1.000000,1.000000,0.000000,0.999871,0.999870,0.999872,0.999872,0.999870,0.999872,0.000145,0.369067,0.999712,0.999708,0.999709,0.999717,0.999708,0.999717,0.000591,0.184131
2014.01.01 15:45:00,63.000000,0.000000,0.999380,1.000000,0.494432,0.999380,1.000000,0.494432,1.000000,1.000000,1.000000,1.000000,1.000000,1.000000,0.000000,0.999831,0.999815,0.999864,0.999814,0.999814,0.999864,0.003273,0.494432,0.999514,0.999380,0.999590,0.999570,0.999380,0.999590,0.013372,0.474672
2014.01.01 16:00:00,64.000000,0.000000,0.999646,1.000000,0.405197,0.999646,1.000000,0.405197,1.000000,1.000000,1.000000,1.000000,1.000000,1.000000,0.000000,0.999875,0.999882,0.999884,0.999857,0.999857,0.999884,0.001766,0.405197,0.999683,0.999647,0.999755,0.999646,0.999646,0.999755,0.007212,0.283610
2014.01.01 16:15:00,65.000000,0.000000,0.999603,1.000000,0.400310,0.999603,1.000000,0.400310,1.000000,1.000000,1.000000,1.000000,1.000000,1.000000,0.000000,0.999838,0.999844,0.999840,0.999831,0.999831,0.999844,0.000792,0.400310,0.999628,0.999623,0.999658,0.999603,0.999603,0.999658,0.003235,0.299552
2014.01.01 16:30:00,66.000000,0.000000,0.999423,1.000000,0.503009,0.999423,1.000000,0.503009,1.000000,1.000000,1.000000,1.000000,1.000000,1.000000,0.000000,0.999875,0.999923,0.999832,0.999869,0.999832,0.999923,0.005333,0.503009,0.999616,0.999800,0.999624,0.999423,0.999423,0.999800,0.021787,0.455758
2014.01.01 16:45:00,67.000000,0.000000,0.999527,1.000000,0.449023,0.999527,1.000000,0.449023,1.000000,1.000000,1.000000,1.000000,1.000000,1.000000,0.000000,0.999871,0.999896,0.999889,0.999829,0.999829,0.999896,0.004277,0.449023,0.999639,0.999579,0.999811,0.999527,0.999527,0.999811,0.017473,0.431372
2014.01.01 17:00:00,68.000000,0.000000,0.999378,1.000000,0.518107,0.999378,1.000000,0.518107,1.000000,1.000000,1.000000,1.000000,1.000000,1.000000,0.000000,0.999871,0.999924,0.999830,0.999860,0.999830,0.999924,0.005538,0.518107,0.999587,0.999766,0.999618,0.999378,0.999378,0.999766,0.022625,0.479113
2014.01.01 17:15:00,69.000000,0.000000,0.998683,1.000000,1.098696,0.998683,1.000000,1.098696,1.000000,1.000000,1.000000,1.000000,1.000000,1.000000,0.000000,0.999748,0.999845,0.999713,0.999687,0.999687,0.999845,0.009786,0.771966,0.999082,0.999250,0.999311,0.998683,0.998683,0.999311,0.039997,1.098696
2014.01.01 17:30:00,70.000000,0.000000,0.998976,1.000000,0.942121,0.998976,1.000000,0.942121,1.000000,1.000000,1.000000,1.000000,1.000000,1.000000,0.000000,0.999800,0.999812,0.999726,0.999862,0.999726,0.999862,0.008000,0.652699,0.999244,0.999540,0.998976,0.999215,0.998976,0.999540,0.032693,0.942121
2014.01.01 17:45:00,71.000000,0.000000,0.998493,1.000000,1.311937,0.998493,1.000000,1.311937,1.000000,1.000000,1.000000,1.000000,1.000000,1.000000,0.000000,0.999707,0.999770,0.999693,0.999657,0.999657,0.999770,0.006655,0.849741,0.998756,0.998830,0.998945,0.998493,0.998493,0.998945,0.027207,1.311937
2014.01.01 18:00:00,72.000000,0.000000,0.987318,1.000657,11.622287,0.987318,1.000657,11.622287,1.000000,1.000000,1.000000,1.000000,1.000000,1.000000,0.000000,0.999378,0.998887,1.000657,0.998590,0.998590,1.000657,0.129143,5.618748,0.992482,0.987318,0.995987,0.994162,0.987318,0.995987,0.531137,11.622287
2014.01.01 18:15:00,73.000000,0.000000,0.999604,1.002173,2.152682,0.999604,1.002173,2.152682,1.000000,1.000000,1.000000,1.000000,1.000000,1.000000,0.000000,0.999950,0.999604,1.000157,1.000089,0.999604,1.000157,0.034801,0.887391,1.000775,0.999855,1.000297,1.002173,0.999855,1.002173,0.142023,2.152682
2014.01.01 18:30:00,74.000000,0.000000,0.987646,1.000717,11.028830,0.987646,1.000717,11.028830,1.000000,1.000000,1.000000,1.000000,1.000000,1.000000,0.000000,0.999382,0.998993,1.000717,0.998438,0.998438,1.000717,0.137326,5.525716,0.992993,0.987646,0.997127,0.994231,0.987646,0.997127,0.564503,11.028830
2014.01.01 18:45:00,75.000000,0.000000,0.988146,1.000655,10.501096,0.988146,1.000655,10.501096,1.000000,1.000000,1.000000,1.000000,1.000000,1.000000,0.000000,0.999365,0.998481,0.998960,1.000655,0.998481,1.000655,0.132027,5.272178,0.993325,0.994642,0.988146,0.997208,0.988146,0.997208,0.542530,10.501096
2014.01.01 19:00:00,76.000000,0.000000,0.998659,1.010183,9.696045,0.998659,1.010183,9.696045,1.000000,1.000001,1.000000,1.000000,1.000000,1.000001,0.000000,1.000111,1.001039,1.000638,0.998659,0.998659,1.001039,0.147056,4.105732,1.004328,1.002580,1.010183,1.000246,1.000246,1.010183,0.598114,9.696045
2014.01.01 19:15:00,77.000000,0.000000,0.998870,1.009228,8.928666,0.998870,1.009228,8.928666,1.000000,1.000000,1.000000,1.000000,1.000000,1.000000,0.000000,1.000074,1.000434,0.998870,1.000918,0.998870,1.000918,0.123607,3.786151,1.004397,1.009228,1.000714,1.003267,1.000714,1.009228,0.502688,8.928666
2014.01.01 19:30:00,78.000000,0.000000,0.981508,1.000000,19.400755,0.981508,1.000000,19.400755,1.000000,1.000000,1.000000,1.000000,1.000000,1.000000,0.000000,0.998711,0.998754,0.998362,0.999018,0.998362,0.999018,0.038162,8.046385,0.982822,0.984202,0.981508,0.982756,0.981508,0.984202,0.158389,19.400755
2014.01.01 19:45:00,79.000000,0.000000,0.998992,1.008897,8.317112,0.998992,1.008897,8.317112,1.000000,1.000000,1.000000,1.000000,1.000000,1.000000,0.000000,1.000144,1.000963,1.000478,0.998992,0.998992,1.000963,0.118535,3.597468,1.004278,1.003244,1.008897,1.000712,1.000712,1.008897,0.482152,8.317112
2014.01.01 20:00:00,80.000000,0.000000,0.998908,1.010482,9.599856,0.998908,1.010482,9.599856,1.000000,1.000000,1.000000,1.000000,1.000000,1.000000,0.000000,1.000243,0.998908,1.001211,1.000612,0.998908,1.001211,0.137893,4.262999,1.005136,1.000929,1.004020,1.010482,1.000929,1.010482,0.560470,9.599856
2014.01.01 20:15:00,81.000000,0.000000,0.998326,1.015801,14.628896,0.998326,1.015801,14.628896,1.000000,1.000001,0.999999,1.000000,0.999999,1.000001,0.000000,1.000378,1.001945,1.000867,0.998326,0.998326,1.001945,0.214384,6.621627,1.007603,1.006229,1.015801,1.000837,1.000837,1.015801,0.869355,14.628896
2014.01.01 20:30:00,82.000000,0.000000,0.998383,1.015493,14.262343,0.998383,1.015493,14.262343,1.000000,1.000001,0.999999,1.000000,0.999999,1.000001,0.000000,1.000381,1.001887,1.000876,0.998383,0.998383,1.001887,0.208135,6.469308,1.007506,1.006087,1.015493,1.000991,1.000991,1.015493,0.844096,14.262343
2014.01.01 20:45:00,83.000000,0.000000,0.993765,1.006573,8.653500,0.993765,1.006573,8.653500,1.000000,1.000000,1.000001,1.000000,1.000000,1.000001,0.000000,0.999778,0.997921,1.000287,1.001129,0.997921,1.001129,0.192011,3.788764,0.998870,0.996318,0.993765,1.006573,0.993765,1.006573,0.784963,8.653500
2014.01.01 21:00:00,84.000000,0.000000,0.987650,1.000711,10.934131,0.987650,1.000711,10.934131,1.000000,1.000000,1.000000,1.000000,1.000000,1.000000,0.000000,0.999323,1.000711,0.998482,0.998778,0.998482,1.000711,0.139884,5.410388,0.993255,0.997005,0.995136,0.987650,0.987650,0.997005,0.574834,10.934131
2014.01.01 21:15:00,85.000000,0.000000,0.983625,1.000079,18.040363,0.983625,1.000079,18.040363,1.000000,1.000000,1.000000,1.000000,1.000000,1.000000,0.000000,0.999090,0.997763,1.000079,0.999429,0.997763,1.000079,0.138079,7.436750,0.987920,0.983625,0.986935,0.993224,0.983625,0.993224,0.570349,18.040363
2014.01.01 21:30:00,86.000000,0.000000,0.987641,1.000839,11.679759,0.987641,1.000839,11.679759,1.000000,1.000000,1.000000,1.000000,1.000000,1.000000,0.000000,0.999435,0.999198,1.000839,0.998269,0.998269,1.000839,0.150376,5.666156,0.993208,0.987641,0.998232,0.993780,0.987641,0.998232,0.618046,11.679759
2014.01.01 21:45:00,87.000000,0.000000,0.983646,1.000095,18.047282,0.983646,1.000095,18.047282,1.000000,1.000000,1.000000,1.000000,1.000000,1.000000,0.000000,0.999092,0.997752,1.000095,0.999431,0.997752,1.000095,0.139528,7.439602,0.987996,0.983646,0.987016,0.993351,0.983646,0.993351,0.576288,18.047282
2014.01.01 22:00:00,88.000000,0.000000,0.983527,1.000014,18.367714,0.983527,1.000014,18.367714,1.000000,1.000000,1.000000,1.000000,1.000000,1.000000,0.000000,0.999062,1.000014,0.999464,0.997708,0.997708,1.000014,0.139204,7.571693,0.987685,0.986440,0.993114,0.983527,0.983527,0.993114,0.575113,18.367714
2014.01.01 22:15:00,89.000000,0.000000,0.980580,1.000000,20.120814,0.980580,1.000000,20.120814,1.000000,1.000000,1.000000,1.000000,1.000000,1.000000,0.000000,0.998551,0.998473,0.998570,0.998611,0.998473,0.998611,0.008173,8.604436,0.980806,0.980708,0.980580,0.981131,0.980580,0.981131,0.033987,20.120814
2014.01.01 22:30:00,90.000000,0.000000,0.972301,1.000877,27.144675,0.972301,1.000877,27.144675,1.000000,0.999999,1.000000,1.000000,0.999999,1.000000,0.000000,0.998558,0.997854,0.996946,1.000877,0.996946,1.000877,0.238128,11.661444,0.981898,0.988009,0.972301,0.985456,0.972301,0.988009,0.989115,27.144675
2014.01.01 22:45:00,91.000000,0.000000,0.979257,1.000000,20.784281,0.979257,1.000000,20.784281,1.000000,1.000000,1.000000,1.000000,1.000000,1.000000,0.000000,0.997891,0.997842,0.997888,0.997944,0.997842,0.997944,0.005914,8.864953,0.979463,0.979459,0.979257,0.979674,0.979257,0.979674,0.024612,20.784281
2014.01.01 23:00:00,92.000000,0.000000,0.979959,1.000001,22.012374,0.979959,1.000001,22.012374,1.000000,1.000001,1.000000,1.000000,1.000000,1.000001,0.000000,0.998527,0.999539,0.999026,0.997016,0.997016,0.999539,0.154191,9.074125,0.984395,0.982785,0.990471,0.979959,0.979959,0.990471,0.638822,22.012374
2014.01.01 23:15:00,93.000000,0.000000,0.988393,1.000718,10.721051,0.988393,1.000718,10.721051,1.000000,1.000000,1.000000,1.000000,1.000000,1.000000,0.000000,0.999422,0.999151,1.000718,0.998397,0.998397,1.000718,0.136796,5.272857,0.993551,0.988393,0.997985,0.994298,0.988393,0.997985,0.562031,10.721051
2014.01.01 23:30:00,94.000000,0.000000,0.989402,1.000464,10.270582,0.989402,1.000464,10.270582,1.000000,1.000000,1.000000,1.000000,1.000000,1.000000,0.000000,0.999360,0.998380,0.999237,1.000464,0.998380,1.000464,0.120997,4.850576,0.993758,0.993939,0.989402,0.997952,0.989402,0.997952,0.496988,10.270582
2014.01.01 23:45:00,95.000000,0.000000,0.988304,1.000826,10.540475,0.988304,1.000826,10.540475,1.000000,1.000000,1.000000,1.000000,1.000000,1.000000,0.000000,0.999479,0.999129,1.000826,0.998484,0.998484,1.000826,0.139761,5.300176,0.993685,0.988304,0.998022,0.994752,0.988304,0.998022,0.574170,10.540475
